142.673301
32.431499
58.122401
52.731981
16.005514
42.559682
63.101296
15.266364
30.833159
20.187604
45.711549
43.798768
22.133424
25.448586
66.678438
21.919313
45.845097
20.575363
132.724801
17.328054
74.635570
34.330610
55.377157
66.787716
60.055029
75.983333
46.444260
65.088068
80.789606
36.846683
15.917701
8.181838
44.883093
20.350097
76.763662
35.522618
63.290909
70.438658
66.628225
38.242056
10.142788
37.812040
12.430124
63.710088
16.722819
108.964910
37.265005
29.397826
92.294427
59.645824
29.762072
48.629156
51.949712
1.968051
79.086724
47.481439
24.176973
48.130348
30.306617
20.300227
54.341390
25.808328
14.900992
17.354674
24.727038
47.416711
8.224643
60.792697
47.722428
58.361848
35.235665
45.413288
36.097343
45.167617
61.594339
28.670989
34.895092
80.108292
30.615878
3.745069
59.068634
24.294646
50.895534
46.131306
45.225196
44.470719
17.233609
20.796170
31.865918
26.604073
57.375552
38.560485
47.199542
20.696168
25.345185
19.837987
46.607881
29.162283
25.542282
36.658553
34.702478
41.960452
22.761755
35.011546
34.430472
14.987353
27.032256
13.596419
18.752816
9.798835
21.020009
28.947797
18.901093
37.549954
35.626870
57.063994
26.191176
14.645237
35.008347
56.767342
25.115810
26.975610
70.924498
43.094727
32.575118
49.982563
53.641181
42.513946
57.739333
41.062154
29.471777
36.440745
50.145561
48.483837
75.435417
39.089776
24.447594
30.345111
37.204787
13.940187
65.373992
63.960433
13.466492
59.211930
58.886798
24.350904
31.620916
2.286139
28.442387
28.270434
42.247699
35.777913
65.455777
40.198938
7.165517
8.098850
15.356992
38.508229
35.594736
20.781266
21.634220
21.158767
50.144648
51.117615
45.406281
18.230195
65.102237
53.767414
27.283506
30.171519
49.871863
49.190278
59.945173
93.847654
19.955805
60.620407
6.547501
46.046928
18.797585
25.500508
39.399333
12.490642
20.684619
73.038029
39.383453
11.435292
31.260595
44.676795
18.683912
83.913079
84.274041
36.400551
27.563149
42.284349
33.080128
50.281408
23.236095
22.356762
25.476843
25.537228
30.389515
49.773704
23.654855
25.308484
22.928690
13.012187
39.229561
30.113627
77.477027
64.037688
108.898682
46.805883
32.359927
51.269030
9.408779
10.572376
16.046578
22.828032
19.268121
36.664095
82.504112
80.472739
14.158188
34.426735
22.434945
23.692146
74.547516
25.811199
7.748674
23.380743
30.101616
83.136622
35.552547
33.606569
81.345271
75.783013
52.235629
17.100580
18.640044
45.372812
25.899309
50.600276
29.779880
25.316716
9.847328
58.245345
46.459056
15.778838
16.656450
35.060782
63.693023
37.987326
50.509688
19.483006
162.214603
90.471541
56.913095
34.756532
94.646408
24.026558
60.612383
64.750936
66.827049
46.335248
45.318153
36.965034
32.217263
10.985039
72.115879
50.729419
54.022546
27.131385
65.130784
35.055214
66.018522
46.847104
42.412716
74.935032
22.777994
71.426774
67.114717
51.867531
38.393568
51.961327
13.039414
32.143042
52.496780
45.735008
24.103636
57.193030
31.971748
81.354870
43.283152
52.777699
35.662259
50.276746
37.309258
74.240105
45.155222
28.845257
59.355466
22.670347
14.990352
48.512007
33.632219
68.312758
40.481670
20.164434
22.534317
31.230772
39.578070
26.871658
72.109307
79.716173
65.712563
14.817474
64.885739
27.784530
37.326638
40.379178
65.242820
88.879333
57.410051
22.341129
24.847098
55.346575
3.837817
51.696170
52.680264
97.007322
39.602064
28.235781
64.693384
46.702126
55.295585
26.681283
72.339674
49.582968
40.551066
33.654040
51.676994
72.551662
22.658644
85.967120
40.077863
42.527367
54.550189
78.748813
52.908854
8.883713
45.086642
19.067361
36.706172
23.986783
35.008899
62.238118
45.182471
25.524073
24.567343
48.473977
47.067543
58.900848
59.613433
6.803406
47.340579
54.481632
31.208298
14.729345
19.788678
53.500447
16.571362
20.554772
24.892141
47.693021
68.297358
56.744568
17.901353
23.825669
18.302142
60.157825
56.757730
26.511217
79.087851
28.404521
11.502265
24.569282
16.067276
27.765340
29.507981
6.656745
50.363381
15.035811
85.144396
70.484376
53.038287
28.918066
22.146442
25.786853
14.320077
30.956675
20.953531
30.032650
34.268150
69.473478
100.374238
29.755312
21.958543
25.491760
22.480465
63.012233
12.449644
38.014743
21.559849
40.252534
20.709624
40.372429
66.497203
52.517809
40.085076
41.422167
26.503598
21.310236
67.345974
39.678848
8.357583
74.526717
14.627568
19.516335
36.042931
34.355614
61.070439
38.512304
22.588511
32.103470
44.056566
38.455670
39.753738
14.304211
53.311062
19.044261
17.195510
73.333269
35.408963
31.530357
42.176505
76.451810
6.971958
28.907018
68.548689
65.585539
7.662327
17.560323
30.029923
26.372887
79.604980
21.827353
58.888816
14.276699
33.716056
33.298929
40.700329
19.676977
40.039167
52.364175
26.622987
60.906516
97.726887
36.532628
41.562518
13.709943
9.658442
86.856180
55.717056
42.386130
88.545240
31.372792
30.751860
3.567659
16.881199
43.754108
53.034711
31.400460
73.904516
33.672777
89.245340
51.400265
70.722990
56.638801
47.825689
58.850692
5.818396
79.977831
48.007612
2.189694
65.789786
25.478161
62.691975
77.059933
47.815530
20.061084
21.894723
81.415723
12.206648
44.771979
17.640056
45.147992
7.295123
59.390182
39.292524
28.200395
15.991484
7.796213
50.159517
65.878859
30.071781
81.702578
54.762457
45.052137
29.457127
82.857125
37.539115
35.872216
51.460252
70.965946
133.248680
36.495608
41.495007
86.473361
63.355684
74.951606
82.385598
71.995877
79.596413
26.785833
39.255992
56.236318
56.897018
75.343997
79.325177
56.489790
34.471943
17.737871
95.195239
50.401632
28.875163
52.312944
18.006187
41.283774
40.310771
55.359164
3.780990
22.640092
51.632284
23.029564
67.390836
9.517222
46.069032
26.261386
76.786004
28.185199
71.007682
46.223105
63.428857
33.766271
41.282368
29.678783
60.033049
86.681922
61.366962
55.869956
13.448195
66.978700
51.027291
109.331065
57.249087
23.096778
57.454375
42.678902
46.182729
34.838780
116.418393
55.319488
45.597166
72.598872
45.529047
4.411348
43.692562
43.500948
76.482289
31.453867
44.889196
21.090721
28.883687
116.386735
97.514652
57.415530
36.861842
70.096079
46.348679
31.366130
38.334710
54.617393
66.395482
49.434939
24.121075
40.003940
42.595833
28.746082
55.341570
25.498188
6.590695
25.610309
18.728990
65.193306
27.072867
32.889248
20.042747
5.453820
16.711554
52.075907
40.428026
46.209692
27.088100
30.870771
63.928342
13.309331
47.190761
27.430567
27.049035
26.692931
21.110629
34.199286
75.132018
23.751680
12.170885
87.059076
61.041955
83.818484
42.091411
70.987564
55.197677
37.515494
44.998559
78.814336
75.401919
60.415810
35.227094
11.310185
25.626961
99.708896
55.540636
44.690032
36.975822
42.137076
70.517229
123.253295
34.261183
52.889855
3.122510
104.072697
8.456313
31.609240
2.586265
66.791168
11.463581
45.341366
32.666916
31.155549
72.595493
41.538184
65.714313
82.303107
71.717545
31.309481
43.433044
24.995104
69.785848
87.279898
66.327992
15.006027
64.869997
35.275055
27.018649
30.381285
38.251197
39.085861
44.506798
32.869422
58.285064
52.694257
38.814606
12.522745
29.330598
51.684496
52.139136
15.633782
32.048151
61.525928
68.834153
28.858241
110.784581
75.557961
41.480702
38.799479
64.908623
46.255767
14.704965
39.237524
82.474895
103.637393
68.453716
36.477665
36.754194
1.720904
27.721459
38.767246
30.703610
10.864006
21.747402
47.714638
7.199325
65.927062
30.101601
45.797117
24.326981
32.074527
17.872587
30.001928
11.447974
84.748172
18.697221
33.429811
22.161954
30.852748
25.671130
61.213974
25.664567
66.427451
72.837962
36.815862
26.948176
85.332340
64.142921
98.236635
31.603791
43.276314
29.640940
44.345919
22.419732
16.853108
31.291107
28.314295
56.560908
28.974797
61.137392
37.662264
22.217665
59.734923
39.203443
36.880166
52.857048
56.916082
113.971191
33.352955
47.325752
8.632487
37.409328
17.364125
38.795484
71.440732
30.800534
25.327919
67.307835
50.492270
18.174604
24.559220
47.791197
65.344189
38.019039
57.803601
36.649788
29.683936
105.617452
56.975831
100.598296
34.437844
14.669271
49.210772
26.220286
50.968071
68.004392
52.849326
45.512556
48.392720
52.550521
50.921711
17.222123
30.367174
17.415138
43.436849
54.695602
82.953034
32.900987
20.354348
53.734721
31.657947
41.929732
53.601810
57.208641
20.679429
17.350532
63.369274
41.046625
3.283296
33.489530
42.549099
28.654269
65.244815
29.320048
5.765899
60.589597
28.275593
55.758899
83.203532
77.019548
46.903795
18.384485
29.902445
10.241046
97.787664
17.789204
64.881838
12.033166
19.091484
25.896829
38.114335
89.007452
39.153568
15.216238
63.048308
87.997126
33.094238
45.840999
29.564205
29.180549
26.276691
18.679563
31.014384
65.209093
74.098826
50.022972
34.171537
32.214650
59.414578
30.973486
59.030584
36.611550
66.349861
66.928895
41.952884
12.229914
40.773407
52.238958
75.984812
29.887103
73.436017
17.659189
39.448648
78.495869
32.204298
76.121815
48.933666
6.832784
24.809286
59.569022
32.195621
32.067694
85.102441
11.326083
73.938616
35.432884
91.895381
28.191859
46.409946
7.420062
45.438719
75.777164
67.818668
16.606941
53.071043
7.223062
46.363471
53.016482
39.849975
110.315527
24.023748
50.661402
55.222636
17.452431
9.359961
25.589826
41.206943
25.038046
12.708108
22.949191
69.999311
26.192347
75.760771
75.544598
54.572434
56.043892
10.810040
56.152046
65.832984
59.667556
39.438825
68.051545
66.653462
18.438858
108.706714
73.520111
21.135068
62.712540
13.929940
39.657346
51.559343
64.883909
64.965372
58.826435
31.121814
8.298852
42.940789
49.355254
17.831763
30.702927
31.940083
36.512181
44.155658
19.533250
59.939907
95.867547
48.710399
12.227584
79.331845
18.229651
43.608411
89.318985
32.813362
62.007227
25.701007
38.906405
55.375982
92.255984
75.791035
55.680891
22.149397
14.161528
39.232508
71.556316
32.360458
47.334604
28.136050
55.855198
38.697451
44.821198
65.285988
41.995402
19.567227
50.574023
53.949735
57.154927
46.407661
21.424634
9.594146
66.925282
23.114553
82.962344
45.999758
28.798493
49.695545
30.425052
13.653009
85.528129
24.364922
7.615413
82.732574
53.343527
80.588556
100.918377
31.258466
39.972145
56.439119
56.969904
37.510973
44.685661
16.293063
38.077356
22.916520
63.770640
48.637285
44.814566
35.616797
55.092086
28.128162
85.886002
74.230432
50.877410
22.119592
55.295187
34.310317
43.302941
109.948358
86.852622
103.232409
43.819177
40.706819
9.512432
70.148662
45.791923
40.814489
29.778501
44.160555
35.142270
36.997390
47.470765
64.440018
35.081405
44.243789
45.193504
41.777876
64.980439
33.441966
62.216527
35.084336
16.007822
68.682272
64.895679
45.619622
62.497388
54.574819
36.249160
71.044739
38.692487
17.077941
86.887884
28.103400
64.707249
25.036172
26.041576
59.595155
20.936300
50.322993
19.895590
32.766795
75.050548
58.765808
65.890053
54.096373
56.223146
23.858495
48.198998
3.873670
53.603056
49.005411
42.649883
28.421673
28.928403
29.916132
66.357661
25.245115
93.248834
35.682774
82.235116
92.185406
67.598811
21.881135
28.767929
84.379849
31.797704
47.773567
24.988753
15.974276
38.071138
34.549438
52.814248
61.529846
49.065989
77.994561
36.335403
8.294105
96.156437
77.496173
39.767091
6.491715
116.611459
52.890197
132.799788
30.456302
36.174029
41.077262
93.471978
40.702688
146.507107
79.742020
52.473504
57.385765
63.684454
47.653767
58.364366
73.554372
3.399031
44.286872
66.497845
72.538573
90.953068
66.579948
44.006798
76.577914
50.720249
136.962560
64.041913
52.326024
73.609007
126.304427
80.372836
48.479802
116.979906
80.144132
112.892046
70.773287
111.805446
99.404850
49.028904
86.046790
77.882750
81.308920
147.208896
67.665952
84.728199
130.108796
143.101765
94.073017
60.080368
212.404577
99.598103
54.012881
15.158982
101.652324
98.728021
24.345358
64.686342
99.267368
186.260584
49.837642
96.546036
152.288780
123.216334
55.090510
64.751829
71.631012
141.511736
73.745407
99.621738
157.395203
134.876718
42.730448
53.276384
142.052707
80.763350
37.279602
67.979206
191.250158
182.979649
155.508257
62.563121
115.803436
129.442684
81.667145
62.842397
25.366687
204.000080
85.748488
218.356292
164.691720
57.358497
68.622532
178.777023
117.934339
25.094228
154.714338
45.256254
89.731135
47.622120
71.984024
119.555389
68.430178
26.800304
244.027051
36.476086
63.516230
29.205195
15.796198
49.983669
87.330610
50.640861
113.307886
126.378827
109.572337
33.915037
75.801763
45.147577
66.481133
90.726161
7.690559
115.387134
59.737508
37.836012
101.483955
64.253875
55.438704
52.803995
15.159333
46.765680
38.964642
46.625720
139.538089
36.565399
28.063724
139.148113
65.474849
81.559860
92.168902
69.601721
35.829259
67.977222
35.754223
89.223124
22.911721
70.883688
79.300514
76.011002
108.717994
146.370833
49.907211
37.230212
65.092659
56.243639
50.408002
45.694164
87.153583
129.489259
89.791625
19.581554
34.813870
108.533928
40.091758
11.707920
18.382003
35.815807
56.535977
52.318606
52.515481
54.417378
110.816462
66.781201
16.414792
69.839084
122.661744
33.182553
27.990584
42.036149
34.454147
40.066078
29.400607
12.735354
39.203569
81.568760
83.407822
68.977624
73.954167
75.642752
56.839902
61.027136
18.618709
36.053780
56.925717
26.534662
96.327461
79.693649
32.331645
19.041242
87.916547
30.362376
43.820731
40.685825
40.504657
41.068604
59.007564
8.021818
65.070805
47.062699
56.829620
20.871145
55.406161
72.761155
48.880390
47.287098
42.127680
233.636304
27.696012
75.285751
50.276822
15.280824
34.104924
102.684183
16.795842
54.412067
27.011668
74.875505
111.275499
15.890885
23.697892
12.247815
35.237769
90.590018
116.425963
96.980429
70.196535
50.824451
27.683802
29.964206
35.908797
25.865040
6.936006
21.148897
42.212716
65.885068
55.261582
67.907289
50.987961
71.896219
29.311210
93.091871
14.430347
25.928736
54.868126
59.982428
17.471728
9.662494
29.876514
55.947913
68.658119
52.158909
27.587244
90.980390
27.002129
59.119542
40.920620
47.426721
47.267050
20.109266
88.086130
43.179366
102.956755
87.477480
31.658286
29.157266
93.607237
32.157901
67.730213
45.154028
76.794792
58.687525
35.161580
73.212481
9.250180
71.890663
85.632725
41.906330
14.514899
63.036706
44.060685
51.579219
17.721825
87.542807
39.216978
40.642341
25.371687
8.843525
79.891370
79.206720
87.622734
56.762096
97.728809
17.368381
58.085976
30.650810
54.167128
41.070662
11.606950
20.234922
114.633499
32.943319
54.661331
17.895519
34.511924
87.924382
18.742015
84.297465
51.331173
46.411841
1.644409
17.180883
25.070782
77.516569
62.762088
35.055784
85.478014
75.945769
53.568536
31.719498
51.572249
29.482772
12.213996
78.554770
18.407579
35.307712
63.403495
21.186089
78.704625
59.091111
45.239020
30.606984
10.248238
38.092326
23.506267
24.022529
44.679956
51.144419
39.920973
14.190106
64.999076
42.459455
15.786764
46.340989
10.123952
72.406017
94.096472
60.392251
41.961472
30.630902
25.443707
90.155967
64.675717
27.278049
26.900602
52.804203
36.821863
9.765037
64.822379
63.758512
36.330982
39.450884
5.973703
36.381126
60.426212
62.776889
42.022106
45.484800
30.936187
72.931007
52.592090
23.664411
69.414806
14.418418
48.029815
17.297089
68.135425
53.117317
46.268466
55.175609
70.285422
63.080170
2.247694
39.022109
19.811968
37.946448
77.761348
64.348051
29.515546
21.223498
23.718624
58.768095
5.079528
45.967768
10.335369
64.415971
12.870361
22.421939
51.973581
66.454571
18.114519
27.779516
45.872993
31.878825
49.611749
45.181964
55.751432
66.491757
36.422611
24.446844
53.302365
39.313029
70.072064
70.288697
51.052484
58.933033
13.182846
59.202931
21.838016
57.068844
33.952123
27.476870
34.408394
41.804880
42.216001
57.829531
81.970539
19.856812
59.217057
32.510424
76.382278
80.642549
43.692261
45.491960
24.862061
26.919450
22.406944
14.000625
55.448886
36.312404
35.376741
36.862970
29.669028
75.130926
57.226638
41.715181
106.155135
98.718241
65.376047
46.431985
41.993489
17.547021
50.237385
44.378668
15.287771
62.682707
63.307758
27.190152
15.768835
28.161543
42.306448
54.941653
19.497963
59.484262
43.337871
58.954873
30.154398
60.180892
57.765876
46.858747
22.765877
31.672062
51.745859
38.668634
44.899818
23.976467
45.070031
75.014529
43.795154
60.765134
92.489167
78.986856
28.677651
69.582102
101.231128
24.203733
13.254064
54.869213
12.724706
50.216651
57.327652
46.820843
39.241414
47.217858
106.588530
24.477745
59.252188
23.848607
24.285631
47.299628
51.734291
84.095230
69.811971
53.113949
24.045709
59.723820
38.422764
91.031238
28.751696
43.925134
48.548288
36.906817
101.033622
16.017467
21.373352
41.502520
31.679498
50.973475
34.330596
46.856409
9.241825
25.950106
16.587995
101.207201
129.733032
74.094997
14.912287
83.278601
30.724591
35.721346
26.080326
42.040992
43.020813
45.400936
31.657303
34.509054
44.492913
33.992955
45.719513
86.862998
84.636734
54.781546
38.082107
50.377791
48.170443
54.651811
82.246382
13.901547
49.603741
23.185392
103.559661
58.356880
5.480312
112.631891
50.850859
66.624573
38.327529
85.691525
48.712587
79.727242
17.134464
93.891834
21.540701
67.227797
111.585931
37.585993
11.139095
86.874661
73.710537
96.050662
33.477879
26.717818
80.598132
72.156219
59.767651
47.091032
28.663216
51.298505
28.247728
72.172293
5.427052
84.594510
80.593212
37.911550
37.064257
52.525621
45.802562
21.065371
12.718748
54.711595
3.984617
7.251976
72.301188
74.539742
35.299901
47.695283
33.106998
70.658081
78.667514
64.245010
27.996309
62.435108
64.748632
64.665939
27.001100
14.504518
16.858269
48.603942
44.212316
88.927104
44.612644
65.728984
45.061910
40.802200
18.423356
57.008542
98.260074
54.663886
45.629861
55.280752
75.850047
76.954775
30.560498
20.323098
73.069715
26.850847
50.710178
37.992952
51.943285
37.844870
48.295650
48.329697
49.136210
12.717687
32.372231
13.939637
73.033757
58.158534
25.400039
35.664290
25.039258
18.706161
110.275906
33.298608
34.370868
17.491316
62.093719
39.237925
39.523337
39.121918
41.530948
12.111814
58.481831
41.842002
15.944409
42.732580
86.208237
61.249089
46.332103
46.589070
52.309090
55.026205
30.029736
74.712035
37.363571
103.111114
36.246476
50.276681
73.225687
79.399254
25.186284
78.172162
114.680303
62.817072
19.880092
35.557020
57.494583
27.270272
47.387799
62.848663
33.940808
96.422578
52.945571
52.280316
56.001541
73.944897
78.150083
67.776238
56.529075
76.077328
54.215594
30.197112
38.029082
154.526105
76.843246
54.665656
8.449785
54.249800
35.046647
3.717255
22.059082
68.885406
19.868321
107.564193
60.371028
60.167611
95.580923
45.613246
30.890608
130.623602
68.369004
96.451862
52.341010
104.592135
94.439877
45.206404
130.014187
24.923726
43.752793
28.016657
59.603697
64.066187
58.026651
58.570925
33.748899
37.485147
161.755601
55.191075
119.337722
35.093464
128.392832
80.838481
59.916162
40.994330
30.760529
22.829373
123.294562
154.190063
16.551351
39.986566
114.909076
85.819702
106.058443
43.505104
45.710107
59.069893
23.417786
188.539500
118.368763
133.173342
141.410728
78.356487
34.207464
122.319745
107.511088
106.897497
19.120797
90.594974
115.529174
138.939395
129.558994
153.976945
174.796267
73.003233
28.437637
55.510751
37.225988
113.557128
97.983454
68.431946
111.860252
99.700742
23.556158
115.961825
55.446219
62.629758
3.682670
35.475649
114.043754
194.018679
62.101786
210.248619
99.359167
56.635344
48.335477
57.936049
112.096571
112.216832
30.160063
244.461690
148.624475
62.237975
55.079979
130.399320
77.863088
38.102931
72.559618
50.150231
66.680939
60.447196
40.708816
50.787390
83.571884
55.358833
116.981496
16.874925
46.201349
9.114178
90.547923
53.531756
77.793745
38.748256
122.157174
81.854330
28.637388
67.536701
74.644693
55.355452
70.504649
14.468214
72.928572
52.240053
109.862473
22.648622
71.939677
71.124454
52.056986
25.263611
84.505613
39.289745
56.846184
99.623079
60.710821
44.331814
68.521288
35.612333
66.836861
77.918623
115.263581
29.341268
54.258517
44.047740
72.818728
84.096421
91.772704
34.852845
38.607777
118.122877
70.776839
44.289358
115.773567
60.901471
57.443340
28.742819
65.568174
54.088344
38.107025
106.918018
69.802062
97.374804
67.665823
41.328112
52.181109
50.918717
19.758145
54.153372
100.968496
110.571246
57.226210
61.287633
34.140902
30.187972
59.619095
45.139493
18.815848
147.375981
41.079697
21.274305
54.723821
65.620665
64.838886
94.931910
41.880872
38.258725
124.314188
48.881744
71.371274
31.697672
83.098516
84.444542
61.941479
31.686493
47.048576
52.343542
105.879717
79.150187
57.961825
7.338597
66.907496
73.996895
56.543288
65.248067
41.263885
67.676798
53.025479
91.193031
38.566984
36.401573
45.414516
48.349161
26.498388
75.442859
36.424711
52.486020
22.547017
14.911962
82.792603
47.840052
19.841095
107.670324
21.906856
35.138067
69.534384
48.252829
124.466282
23.496585
98.093887
23.343294
17.874585
11.435517
61.299861
13.684617
44.572634
33.482611
77.118766
73.991324
73.651148
11.387016
69.307768
61.768447
133.502403
18.610316
95.879292
49.703626
25.150426
125.238415
77.610076
81.589892
49.925449
19.776866
11.651348
87.466740
74.938279
98.085585
32.856565
68.022748
61.341672
72.422548
56.919585
18.884567
22.994707
70.525013
95.200643
36.052866
34.079181
38.342697
32.097484
74.069077
72.117975
44.219165
44.396424
19.221895
37.752464
72.307366
34.358350
82.957633
39.439512
38.130995
23.258667
95.875669
27.019618
72.920689
107.867548
84.789462
58.138613
129.962923
53.018981
143.935261
99.926469
42.365868
51.793607
73.395628
73.284801
58.597075
20.072422
60.176345
60.952004
72.193963
91.366581
82.099771
131.384491
57.569695
33.843126
3.929244
43.397482
45.781887
74.105064
99.656774
67.081083
64.095114
81.842710
78.975211
71.739010
87.551730
79.344624
23.432984
30.392518
20.231316
22.541839
28.503565
74.451168
62.630532
66.324097
27.834250
38.382427
45.842642
42.274030
39.559944
94.753375
33.844056
75.539114
90.298798
47.433014
45.390666
68.194523
27.919652
56.664449
48.188651
39.402662
60.482535
59.458521
80.026779
24.576375
75.476704
23.992676
57.474717
68.691729
18.987610
27.993668
95.776827
36.340468
61.485881
35.566142
27.407943
88.141330
41.998405
92.643068
26.041746
69.997704
9.895514
24.502461
81.819145
44.859443
59.430628
50.906354
78.256339
47.970878
46.184167
38.884887
41.141354
52.474713
39.939218
30.436791
48.785101
88.150534
134.362934
39.737216
52.618070
60.686230
91.887321
127.983478
7.162573
107.849346
5.718062
21.109777
29.913161
64.264358
30.239522
57.092712
36.397106
87.626058
25.650395
10.681368
21.425979
30.129496
73.745277
73.981192
76.005069
133.562222
52.390073
62.685087
122.837763
63.436150
92.572151
13.124070
97.311439
38.389604
18.093257
84.906798
16.785782
42.854314
78.291508
51.531959
29.171001
113.864976
35.546397
58.782978
103.105445
23.991545
9.687033
60.434205
63.531080
53.141023
64.342499
29.770002
30.565692
92.290893
74.576660
40.496217
22.536031
33.134136
47.715922
66.461729
68.118684
66.677226
11.613474
65.950219
85.081804
67.374036
34.373965
50.206269
136.303676
49.601145
51.486741
79.065044
33.810535
23.396901
39.761170
32.454162
106.626913
50.651918
46.297840
95.358159
80.619424
68.449401
68.019656
56.681587
75.964132
40.213627
136.693973
72.405011
62.275523
55.187736
20.964872
3.825541
71.295420
28.993909
69.533944
100.835475
157.027868
30.490206
115.042794
85.056581
49.349217
35.351044
25.382109
57.125640
7.535778
70.274870
56.730905
63.059299
42.767561
90.630089
87.297409
76.320930
80.660981
27.144414
83.524483
63.842152
88.840211
127.062952
42.986993
170.430356
64.094122
16.083689
39.115961
34.064432
13.690368
34.589627
61.679258
19.324398
40.657626
74.151314
56.343596
50.210697
69.295062
25.384475
39.151898
19.237024
78.490274
51.081537
106.097732
60.493339
20.957953
85.187449
82.611524
63.398441
61.785983
109.225621
29.991892
27.108795
36.979470
51.623476
44.140364
39.656342
33.183267
63.120772
111.605688
115.316062
82.228155
105.249556
62.417480
9.804010
5.219983
56.877527
27.894551
13.281459
35.580841
20.358692
94.209351
100.582570
44.558649
32.863083
15.761776
35.051502
95.148760
65.625459
31.266361
32.275429
79.915200
46.018735
38.806498
51.068438
57.297342
34.976321
48.556946
23.595036
68.271048
71.150700
49.062391
91.972053
46.644609
71.526341
105.668118
53.029151
40.024858
65.768854
46.160473
27.340509
66.967884
54.368209
111.752680
49.068050
125.156737
5.725104
12.484401
91.977520
11.660768
56.500600
38.584910
137.893185
42.900552
34.502474
40.832127
69.532761
120.100861
23.303651
71.889560
8.621164
13.662858
44.061277
25.761438
43.710456
136.508002
93.920143
62.843988
59.928756
98.501444
75.532011
24.450160
17.542178
48.130465
56.113071
106.865684
15.663185
73.484321
47.638710
68.467066
134.663048
103.641408
60.618063
22.844388
94.673527
79.612035
95.137060
70.924756
86.343750
52.390833
51.519635
94.567177
92.409730
109.038080
23.289220
76.673453
27.506709
81.918725
112.054152
15.047052
124.365571
55.090709
52.535328
29.198495
35.263490
75.448899
34.362489
133.470915
63.623614
142.154489
73.254874
53.808335
30.381841
54.366469
146.871868
97.273070
57.218369
58.109848
63.588761
61.385056
137.370061
15.306485
107.269950
31.237278
77.389939
135.622923
44.837012
55.402079
64.558976
38.697515
31.713146
22.321925
57.695662
35.301234
67.599441
0.864901
101.184096
31.512049
30.611717
77.989547
40.856198
68.060464
39.750673
63.230239
58.026460
99.513407
87.536196
98.673652
89.523294
118.954138
74.221860
22.759607
94.413690
101.224460
117.891862
12.133222
85.447839
52.481873
82.751436
12.907567
80.872217
100.816461
48.403665
22.295918
77.793208
47.196686
70.101891
61.377509
4.703640
27.317571
75.663328
76.845817
95.921242
121.533580
66.776325
93.321894
38.548892
83.677607
73.769224
103.811901
52.476482
105.675721
67.757518
141.503997
104.624989
40.321366
99.349455
31.175391
86.297332
72.614464
26.730186
159.698639
41.530712
82.975882
51.371551
111.936317
150.060550
143.733793
90.441632
61.286249
90.537713
68.196968
28.719224
114.808796
126.897126
122.266717
137.691504
103.922819
79.702245
43.493910
122.243478
146.191644
71.799688
122.919168
40.081248
24.551970
241.084305
176.932551
99.077769
121.280304
159.971830
36.820042
144.771625
96.197495
140.049718
168.561756
153.705699
208.317636
86.089239
71.616797
144.494592
143.803940
142.125360
112.583888
110.337693
167.323040
58.498726
68.843201
149.072051
88.734369
152.252186
244.507355
156.117493
105.056973
76.416004
183.953215
173.917891
226.150225
89.349131
181.906226
145.445247
41.819421
56.834050
148.889348
67.582725
67.747330
107.131205
105.166264
150.743988
203.537428
55.659676
268.544657
148.581048
128.772922
66.686795
156.882916
129.133523
166.886791
17.945121
188.606109
219.608436
150.052204
53.948040
199.080841
148.020271
79.729241
107.572681
203.339283
185.765879
59.420780
193.591095
195.492771
104.539206
90.421019
151.879762
103.358657
63.802944
70.446405
122.319505
91.230181
76.061108
66.560571
178.847756
159.980403
128.042978
168.235738
27.530983
134.053299
109.049341
18.862242
115.805240
72.882985
119.523521
14.044665
91.512713
9.365739
107.784995
28.390011
111.750333
39.174572
193.336600
99.399986
154.744721
103.586434
136.523582
82.305493
116.998287
103.815867
9.975079
56.915315
57.689272
60.007307
113.353151
124.174061
61.913537
56.870124
11.736014
162.004838
90.413797
60.023317
60.075294
88.821329
78.495902
53.171928
47.895930
18.630350
36.094009
66.259482
199.989388
41.802700
116.361542
30.122913
60.772976
63.600102
62.679294
22.322716
114.332199
129.189908
93.945353
134.061719
2.904405
45.104713
25.103840
34.546319
57.261411
12.754518
13.281744
140.545678
35.368507
51.721062
59.784405
102.888947
69.669708
83.956804
91.332792
25.646062
70.202124
64.535656
35.101558
110.415686
79.154241
58.764028
21.045443
42.094160
15.220340
109.128855
53.229197
91.192733
142.605488
93.769701
61.417671
97.098215
26.375246
57.521022
56.380631
29.047526
119.740603
59.188137
59.268958
49.828540
47.266448
91.512741
68.030071
50.454737
82.626300
64.447742
49.479245
47.162403
61.300124
145.060622
62.354063
42.143529
11.261082
55.407009
77.633198
52.351933
37.663279
106.754148
62.853895
102.629803
76.798167
76.591759
82.480873
47.980663
50.557061
37.787780
41.390342
38.477407
20.293957
35.700902
78.566412
86.774227
64.724804
75.167074
51.015563
42.930325
17.548678
25.119603
46.195787
40.820502
30.623944
22.548536
73.084565
43.126835
33.238619
50.794999
86.292814
61.995039
65.630899
33.656262
12.809006
26.876064
64.036595
24.760604
64.311505
53.366647
41.422441
118.311625
83.222165
129.061919
78.386588
37.429069
16.595551
70.540306
28.349720
108.665075
120.875890
43.704642
50.847207
37.754595
22.404268
78.986825
56.640137
32.334161
60.177631
48.426395
25.901929
57.549851
68.878666
71.066077
94.334386
78.543051
34.411163
112.138567
98.973147
44.757273
78.776862
42.457534
84.578549
72.530556
42.571986
73.958156
37.869059
55.523348
41.663177
29.808432
42.918362
25.707033
143.259938
17.088518
113.115336
50.683916
32.343905
89.551066
62.946654
41.089896
137.273350
106.755460
69.689277
50.467335
42.637685
61.150644
142.412274
69.528304
52.966248
58.062545
53.116832
31.463853
37.247368
55.099500
18.405482
55.817473
61.310721
105.124506
45.820037
48.178135
37.885057
36.141262
28.923866
77.481917
32.708382
30.022843
18.089804
18.047720
119.580633
38.948193
98.846030
43.948466
19.728303
41.644281
121.130731
68.334715
28.177899
27.947454
12.856683
26.665728
120.038827
64.872243
52.726585
77.869436
53.910130
53.322677
48.487354
12.316494
23.294507
108.917823
54.242378
20.623649
54.971644
176.150173
47.576551
44.424574
32.666099
51.795058
15.520099
54.219273
32.827579
73.693905
37.979750
71.583386
153.223397
50.642964
38.907330
34.429546
55.281705
54.512846
61.676333
53.449373
33.295181
88.663234
84.225013
174.835591
73.920019
95.142074
32.795717
83.824733
25.660391
39.492314
62.056695
30.193774
51.600266
57.722804
25.867509
8.571078
43.942786
38.868902
14.915932
72.601548
49.965235
50.264000
40.350131
80.360311
43.881676
60.799421
51.942249
111.827545
55.194528
89.361767
45.793895
59.875172
90.303623
58.969201
129.125546
78.882693
44.360782
142.090959
25.407926
52.906839
26.494722
87.738883
63.458157
37.910557
64.795452
23.898329
159.949079
60.853745
107.191893
96.716757
54.960787
96.352160
37.692142
125.280311
65.853560
58.241150
47.004542
38.115793
28.667431
53.247148
35.240486
38.651737
80.162129
21.017851
80.922163
107.640034
54.792339
63.062462
45.237177
52.941630
48.686267
56.161253
111.608685
25.653844
47.679937
82.387233
59.567590
6.777411
42.080789
84.048160
71.017488
75.500164
110.128841
42.114608
32.527897
127.863044
30.533352
50.323616
83.417697
84.420707
61.929837
23.359506
65.543734
34.144507
61.267348
68.978489
83.967869
32.048797
34.186839
61.878468
26.361203
78.814146
27.024387
116.046609
53.219140
43.818582
139.328881
27.183410
18.814790
75.236751
136.597111
93.638155
85.020387
73.128071
55.870308
42.207285
79.655902
29.661807
25.928425
57.902374
64.626515
28.906829
40.857621
71.539869
17.136055
37.177962
34.711887
55.110549
2.347715
80.726951
56.174740
64.937197
72.305703
59.315053
74.862053
54.507402
86.266243
78.417437
29.593848
44.856772
70.859635
66.205735
59.127265
49.692191
39.111639
74.426657
101.769642
84.481779
82.578888
45.501454
47.493311
61.076244
72.443986
48.742760
57.217299
93.312611
40.964768
7.090106
47.948252
71.086497
51.288459
119.738567
81.673839
48.437177
46.776463
29.347564
93.030381
13.748609
66.002062
67.470395
91.324676
155.717321
45.303652
100.996101
9.964030
23.831376
100.330974
36.734840
72.597253
58.359274
114.682873
76.824942
96.128457
34.978804
39.102139
66.875883
104.135376
128.367068
88.047853
42.731893
81.302608
38.399917
44.607584
61.541517
37.915861
72.925640
49.438934
84.669344
75.570523
58.600650
48.350706
50.238745
104.326606
52.748640
39.778391
13.341260
51.474188
90.620536
41.775550
46.396717
52.271822
24.290103
89.449056
65.792168
76.172991
97.879465
67.475216
2.828615
78.280875
16.009450
25.028378
17.763721
33.706486
68.971563
75.316776
49.465942
39.903932
32.069295
42.394876
41.313178
16.708725
46.454729
12.572447
46.239630
39.498667
54.202336
32.273761
104.009020
3.366638
39.739749
46.629060
14.901942
47.679593
16.465427
21.440239
24.248934
31.885649
30.441290
50.192283
39.357759
36.717386
37.578356
112.889304
10.796300
43.056313
34.545144
65.040134
40.778619
42.930646
84.122154
45.109597
35.133998
71.430849
178.692491
31.150926
56.173645
88.604889
89.429357
73.647426
66.015707
27.670608
109.160295
76.549900
128.535275
100.316431
7.065037
40.716994
93.387913
89.295465
73.622938
72.283925
40.281332
92.717413
99.797329
166.537042
56.928711
20.336577
59.557452
20.162403
59.929010
116.632575
130.003167
22.111048
90.346200
73.505375
25.928703
37.246929
23.088357
116.509662
37.894340
99.507209
26.141110
54.199244
9.685057
4.265928
84.829067
73.762406
8.216507
71.253349
94.876893
74.034019
35.748592
40.637014
49.501835
59.211261
63.935434
66.465042
95.110088
59.566963
95.271613
118.597856
92.038657
60.691404
96.010333
105.256957
39.588356
63.363120
25.076016
38.817003
62.588670
19.974691
41.337204
53.019781
80.332935
15.931583
17.087351
54.090358
4.982286
58.998471
77.737266
47.454148
24.712912
2.450861
98.560139
17.096657
55.529497
99.664250
38.695034
52.070334
30.106301
26.768026
45.321933
57.011507
97.582964
26.983786
30.012598
71.724998
74.969569
79.798796
101.324384
6.470408
52.678085
36.386518
27.831530
44.161778
71.407963
42.441723
138.334732
36.391941
83.115571
61.150953
17.594635
68.137941
93.701515
62.249905
66.917370
14.030881
37.542696
30.953908
54.714564
5.744638
38.989561
41.811998
24.840928
15.215111
131.220233
56.028293
78.099820
107.213330
72.809161
73.160502
99.402092
28.918635
85.238409
44.930237
122.092882
28.578871
60.222012
11.702525
35.091160
22.981606
63.514253
21.699804
44.053943
55.150257
31.092431
26.823033
89.035107
50.603428
155.031636
4.604451
61.787373
16.276649
22.086020
76.096524
16.525311
28.843042
48.986979
49.191728
60.612138
7.722918
69.899909
17.174166
94.645136
46.115915
104.812586
79.456859
61.381345
85.273934
31.743467
81.327514
57.542590
13.327239
78.138710
31.006927
67.082810
19.698909
58.946615
110.061954
17.306027
110.238716
45.388242
19.029237
61.970158
34.754319
69.361131
37.735387
72.205387
121.349820
64.554090
41.246856
40.273691
63.140068
39.027635
67.347604
35.281955
16.415627
92.969317
33.353955
103.365084
30.465624
38.973656
42.342555
58.410459
11.709918
23.228259
45.905081
44.693326
33.789082
73.072191
20.436708
103.383941
63.164960
41.746294
26.020849
12.667804
39.438793
6.592875
27.938214
30.968146
65.138353
73.476754
23.577473
67.471294
85.465251
71.955333
135.389774
9.524351
56.671060
214.055249
16.035692
14.818884
78.244508
50.759206
109.667279
64.531387
66.226784
38.140628
110.277268
10.131154
27.606720
141.962901
24.704094
27.037774
27.130828
63.257127
21.077419
115.024373
33.979580
73.023582
51.171579
6.823172
65.043111
43.596414
70.878799
87.698500
29.287481
43.891064
92.453543
49.972288
92.676137
63.733077
5.562456
101.271893
76.707773
14.949979
104.984821
56.164317
39.556247
52.830847
73.412630
141.391442
30.155138
53.650613
72.366463
16.946533
20.594307
100.921487
53.800210
52.288192
43.756320
72.720750
34.459382
35.432109
70.486814
69.817050
50.196618
56.777329
18.238023
23.028459
32.558683
127.624663
43.726754
22.845743
72.668345
43.161331
71.330558
25.975670
46.324570
25.017972
92.569544
67.208392
42.979262
97.301700
36.027079
67.030037
43.721028
98.543240
114.655923
52.349834
107.008165
58.675162
37.693989
41.502135
72.214434
67.000337
90.604676
22.749647
11.528573
50.018157
86.398205
55.689525
44.882050
71.345005
15.429471
51.420453
34.239095
106.138157
119.422136
35.558403
47.010228
144.973469
50.824341
95.645804
23.066102
36.672148
112.123363
33.018844
91.436545
62.144077
54.486534
156.371336
7.706859
144.349928
107.043788
50.547983
86.264165
90.153692
58.121446
34.265919
110.961543
48.139568
83.913986
87.213918
69.286104
55.574798
99.523805
121.079492
100.330480
131.307300
68.933489
62.360803
43.502610
38.184918
21.042703
64.184055
24.080966
20.850765
26.793399
27.036075
32.619155
78.607498
35.547250
96.441702
61.000248
131.581000
133.622358
52.414073
86.979748
88.311197
72.261072
62.515360
70.173538
99.646581
18.342861
90.151565
26.215767
85.023457
69.954318
52.488321
100.789772
61.709124
63.067227
62.950711
39.622544
45.376194
37.390883
66.657705
13.087856
73.182673
22.369110
33.300778
41.358251
66.238529
73.572097
29.354180
43.839955
39.823780
45.945950
35.805893
95.081921
43.645753
89.548338
56.109106
65.539291
81.109823
37.938120
25.705037
73.924606
43.263407
39.512331
38.748170
26.156789
48.034476
64.353466
65.391646
40.955263
20.242444
92.453068
103.476134
85.040059
26.601939
67.474891
33.500670
54.204046
62.588332
52.918103
60.175884
39.081869
20.995809
97.023886
53.381193
77.654510
77.379199
110.846398
60.728469
56.070350
19.842602
25.958730
48.273383
10.400658
58.095615
25.500189
36.129241
51.874223
110.223998
39.190912
127.363571
34.779586
97.481173
76.087530
71.506125
63.592505
116.413038
47.726849
83.489182
48.030969
26.971017
34.549692
45.279481
91.218641
49.270803
102.685411
67.260916
65.014052
63.829282
93.016421
99.535057
41.170099
100.392318
8.035121
21.017607
67.537604
48.098907
46.235846
69.528832
75.328669
81.275736
52.204011
24.604181
46.979784
30.685099
85.531020
92.500114
36.575996
75.070385
63.950509
81.246353
26.826977
69.245687
41.351931
31.215260
32.812042
123.373087
58.775195
53.344766
19.218012
100.011201
92.043782
70.834458
81.639264
61.774344
61.784265
20.064197
57.708491
19.921018
80.562249
109.305577
32.441872
22.163545
46.626689
48.943239
36.304492
90.505313
64.181143
67.395965
37.698641
99.623560
41.229449
88.241140
35.739672
5.398301
166.297725
68.833329
134.846939
43.032115
102.907874
32.152640
37.346131
36.112981
76.405179
149.453947
74.217488
26.495646
24.579674
19.229403
123.047253
84.334942
62.180699
59.730035
92.811951
14.970711
77.018323
79.337520
82.626817
70.429804
78.922603
85.572220
96.621563
80.280786
73.077158
51.566897
43.767768
13.757581
27.111526
164.656509
34.129477
81.559446
43.487606
16.950003
47.610284
138.307182
95.360521
160.330205
132.478564
89.365933
26.173416
93.396093
43.642007
62.677642
87.859865
89.917045
11.325057
58.587795
116.682578
166.658051
28.963666
31.721122
12.370006
92.757990
105.077348
83.061845
41.972941
79.167742
85.754813
29.417321
77.336083
98.872222
57.028989
72.458692
99.854167
42.805337
98.213482
26.167746
74.024102
61.057013
108.069664
49.816402
51.787864
41.572168
43.747961
68.071831
43.860722
95.103734
79.562252
55.829149
54.355639
93.334583
77.106043
119.599450
82.061729
43.267463
49.884955
92.981464
42.540089
117.550878
63.741311
39.404487
45.033710
51.950457
108.531714
74.521822
53.327438
25.948638
37.545498
64.190062
89.379105
100.159972
57.542612
103.784461
45.870139
45.049831
92.125865
15.987544
70.163281
78.431635
94.367010
50.997974
97.556575
98.404335
61.110464
75.289450
46.310174
44.823994
131.510206
53.330709
29.089291
68.388645
5.729481
84.851573
41.604288
34.328322
53.725748
95.395392
72.115244
108.534697
92.826126
79.333184
69.528916
26.448664
60.720901
88.850957
49.130992
23.971545
94.214510
104.604267
14.877355
118.367985
43.802072
77.682500
46.159159
43.523414
164.259716
50.656168
60.900095
75.790024
48.709253
13.313559
45.489368
51.312443
34.322311
49.344980
91.687692
21.956884
32.503623
29.083499
25.670854
60.532367
78.353327
17.923369
108.138336
29.253618
103.574346
67.661620
23.700556
37.091615
17.748657
11.337805
50.725408
106.957968
39.416957
114.621669
42.333248
88.641540
22.195684
15.769408
14.196232
9.237459
101.604423
58.633363
85.910187
28.842954
36.924727
30.080194
22.107723
13.535378
69.096687
132.661638
97.438796
80.242022
78.094947
76.686574
71.276259
20.759971
10.039730
22.755900
82.267744
54.393013
105.350319
24.842077
129.714830
128.460416
51.606558
110.794966
68.392305
51.005340
124.782502
97.852248
36.948746
15.290141
88.964007
98.748070
31.069221
9.816437
43.060012
62.429015
77.614626
144.306542
127.206282
88.151967
121.339843
103.297133
82.693014
69.710144
32.701386
142.591969
82.864061
28.016117
40.370239
94.821114
87.147077
39.830179
96.272038
84.189943
85.353694
54.676873
16.812443
20.781476
50.004076
76.044270
22.578843
51.895900
96.553750
41.634189
75.561420
158.895669
104.115925
40.635871
77.318619
75.284657
102.657111
42.429838
58.264523
23.797671
38.301810
69.723266
106.540697
16.434387
68.639991
48.370563
86.644092
49.837945
53.551369
19.209084
72.537516
29.070377
44.448945
8.790023
38.615316
38.965900
19.602699
17.148800
6.002202
32.570828
21.481146
50.763776
46.092680
84.022318
80.823051
53.333319
49.950014
59.496604
67.181507
110.983336
64.636118
97.978531
66.609526
49.032517
49.827140
66.471776
22.959810
59.771322
112.190631
101.091636
127.109268
76.233262
23.896412
95.441535
58.190875
64.282934
90.854009
75.011467
29.345596
50.961027
80.598032
14.126244
42.800849
70.621763
36.978037
164.769278
81.200463
59.316461
47.660815
17.503948
87.513187
63.903401
77.569782
44.096789
96.156940
82.433214
21.555547
91.511958
67.098693
107.801659
52.721545
44.271743
61.685279
74.872965
29.628398
134.887274
43.870521
48.042096
77.949569
82.865902
6.263474
32.509297
80.179422
57.798833
19.960141
37.893021
54.983985
17.915215
46.215145
52.236783
62.682563
121.970048
36.349084
43.374614
78.979315
78.368117
75.423875
60.535207
12.018591
104.499444
131.046202
90.929594
22.840044
67.169568
37.923357
130.221534
33.038513
47.905941
45.386243
139.987846
77.823990
64.953968
35.449693
123.604115
68.223007
95.914562
67.701849
5.245503
16.079018
47.908102
120.164365
57.187006
35.102767
59.826078
32.733138
44.463133
63.062751
103.053636
21.108611
29.510219
82.394420
50.689229
52.335435
34.119547
59.605312
31.081972
25.296749
186.387175
99.804702
21.314321
134.164554
135.238138
43.084343
30.206116
104.269668
120.003701
104.269668
30.206116
43.084343
135.238138
134.164554
21.314321
99.804702
186.387175
25.296749
31.081972
59.605312
34.119547
52.335435
50.689229
82.394420
29.510219
21.108611
103.053636
63.062751
44.463133
32.733138
59.826078
35.102767
57.187006
120.164365
47.908102
16.079018
5.245503
67.701849
95.914562
68.223007
123.604115
35.449693
64.953968
77.823990
139.987846
45.386243
47.905941
33.038513
130.221534
37.923357
67.169568
22.840044
90.929594
131.046202
104.499444
12.018591
60.535207
75.423875
78.368117
78.979315
43.374614
36.349084
121.970048
62.682563
52.236783
46.215145
17.915215
54.983985
37.893021
19.960141
57.798833
80.179422
32.509297
6.263474
82.865902
77.949569
48.042096
43.870521
134.887274
29.628398
74.872965
61.685279
44.271743
52.721545
107.801659
67.098693
91.511958
21.555547
82.433214
96.156940
44.096789
77.569782
63.903401
87.513187
17.503948
47.660815
59.316461
81.200463
164.769278
36.978037
70.621763
42.800849
14.126244
80.598032
50.961027
29.345596
75.011467
90.854009
64.282934
58.190875
95.441535
23.896412
76.233262
127.109268
101.091636
112.190631
59.771322
22.959810
66.471776
49.827140
49.032517
66.609526
97.978531
64.636118
110.983336
67.181507
59.496604
49.950014
53.333319
80.823051
84.022318
46.092680
50.763776
21.481146
32.570828
6.002202
17.148800
19.602699
38.965900
38.615316
8.790023
44.448945
29.070377
72.537516
19.209084
53.551369
49.837945
86.644092
48.370563
68.639991
16.434387
106.540697
69.723266
38.301810
23.797671
58.264523
42.429838
102.657111
75.284657
77.318619
40.635871
104.115925
158.895669
75.561420
41.634189
96.553750
51.895900
22.578843
76.044270
50.004076
20.781476
16.812443
54.676873
85.353694
84.189943
96.272038
39.830179
87.147077
94.821114
40.370239
28.016117
82.864061
142.591969
32.701386
69.710144
82.693014
103.297133
121.339843
88.151967
127.206282
144.306542
77.614626
62.429015
43.060012
9.816437
31.069221
98.748070
88.964007
15.290141
36.948746
97.852248
124.782502
51.005340
68.392305
110.794966
51.606558
128.460416
129.714830
24.842077
105.350319
54.393013
82.267744
22.755900
10.039730
20.759971
71.276259
76.686574
78.094947
80.242022
97.438796
132.661638
69.096687
13.535378
22.107723
30.080194
36.924727
28.842954
85.910187
58.633363
101.604423
9.237459
14.196232
15.769408
22.195684
88.641540
42.333248
114.621669
39.416957
106.957968
50.725408
11.337805
17.748657
37.091615
23.700556
67.661620
103.574346
29.253618
108.138336
17.923369
78.353327
60.532367
25.670854
29.083499
32.503623
21.956884
91.687692
49.344980
34.322311
51.312443
45.489368
13.313559
48.709253
75.790024
60.900095
50.656168
164.259716
43.523414
46.159159
77.682500
43.802072
118.367985
14.877355
104.604267
94.214510
23.971545
49.130992
88.850957
60.720901
26.448664
69.528916
79.333184
92.826126
108.534697
72.115244
95.395392
53.725748
34.328322
41.604288
84.851573
5.729481
68.388645
29.089291
53.330709
131.510206
44.823994
46.310174
75.289450
61.110464
98.404335
97.556575
50.997974
94.367010
78.431635
70.163281
15.987544
92.125865
45.049831
45.870139
103.784461
57.542612
100.159972
89.379105
64.190062
37.545498
25.948638
53.327438
74.521822
108.531714
51.950457
45.033710
39.404487
63.741311
117.550878
42.540089
92.981464
49.884955
43.267463
82.061729
119.599450
77.106043
93.334583
54.355639
55.829149
79.562252
95.103734
43.860722
68.071831
43.747961
41.572168
51.787864
49.816402
108.069664
61.057013
74.024102
26.167746
98.213482
42.805337
99.854167
72.458692
57.028989
98.872222
77.336083
29.417321
85.754813
79.167742
41.972941
83.061845
105.077348
92.757990
12.370006
31.721122
28.963666
166.658051
116.682578
58.587795
11.325057
89.917045
87.859865
62.677642
43.642007
93.396093
26.173416
89.365933
132.478564
160.330205
95.360521
138.307182
47.610284
16.950003
43.487606
81.559446
34.129477
164.656509
27.111526
13.757581
43.767768
51.566897
73.077158
80.280786
96.621563
85.572220
78.922603
70.429804
82.626817
79.337520
77.018323
14.970711
92.811951
59.730035
62.180699
84.334942
123.047253
19.229403
24.579674
26.495646
74.217488
149.453947
76.405179
36.112981
37.346131
32.152640
102.907874
43.032115
134.846939
68.833329
166.297725
5.398301
35.739672
88.241140
41.229449
99.623560
37.698641
67.395965
64.181143
90.505313
36.304492
48.943239
46.626689
22.163545
32.441872
109.305577
80.562249
19.921018
57.708491
20.064197
61.784265
61.774344
81.639264
70.834458
92.043782
100.011201
19.218012
53.344766
58.775195
123.373087
32.812042
31.215260
41.351931
69.245687
26.826977
81.246353
63.950509
75.070385
36.575996
92.500114
85.531020
30.685099
46.979784
24.604181
52.204011
81.275736
75.328669
69.528832
46.235846
48.098907
67.537604
21.017607
8.035121
100.392318
41.170099
99.535057
93.016421
63.829282
65.014052
67.260916
102.685411
49.270803
91.218641
45.279481
34.549692
26.971017
48.030969
83.489182
47.726849
116.413038
63.592505
71.506125
76.087530
97.481173
34.779586
127.363571
39.190912
110.223998
51.874223
36.129241
25.500189
58.095615
10.400658
48.273383
25.958730
19.842602
56.070350
60.728469
110.846398
77.379199
77.654510
53.381193
97.023886
20.995809
39.081869
60.175884
52.918103
62.588332
54.204046
33.500670
67.474891
26.601939
85.040059
103.476134
92.453068
20.242444
40.955263
65.391646
64.353466
48.034476
26.156789
38.748170
39.512331
43.263407
73.924606
25.705037
37.938120
81.109823
65.539291
56.109106
89.548338
43.645753
95.081921
35.805893
45.945950
39.823780
43.839955
29.354180
73.572097
66.238529
41.358251
33.300778
22.369110
73.182673
13.087856
66.657705
37.390883
45.376194
39.622544
62.950711
63.067227
61.709124
100.789772
52.488321
69.954318
85.023457
26.215767
90.151565
18.342861
99.646581
70.173538
62.515360
72.261072
88.311197
86.979748
52.414073
133.622358
131.581000
61.000248
96.441702
35.547250
78.607498
32.619155
27.036075
26.793399
20.850765
24.080966
64.184055
21.042703
38.184918
43.502610
62.360803
68.933489
131.307300
100.330480
121.079492
99.523805
55.574798
69.286104
87.213918
83.913986
48.139568
110.961543
34.265919
58.121446
90.153692
86.264165
50.547983
107.043788
144.349928
7.706859
156.371336
54.486534
62.144077
91.436545
33.018844
112.123363
36.672148
23.066102
95.645804
50.824341
144.973469
47.010228
35.558403
119.422136
106.138157
34.239095
51.420453
15.429471
71.345005
44.882050
55.689525
86.398205
50.018157
11.528573
22.749647
90.604676
67.000337
72.214434
41.502135
37.693989
58.675162
107.008165
52.349834
114.655923
98.543240
43.721028
67.030037
36.027079
97.301700
42.979262
67.208392
92.569544
25.017972
46.324570
25.975670
71.330558
43.161331
72.668345
22.845743
43.726754
127.624663
32.558683
23.028459
18.238023
56.777329
50.196618
69.817050
70.486814
35.432109
34.459382
72.720750
43.756320
52.288192
53.800210
100.921487
20.594307
16.946533
72.366463
53.650613
30.155138
141.391442
73.412630
52.830847
39.556247
56.164317
104.984821
14.949979
76.707773
101.271893
5.562456
63.733077
92.676137
49.972288
92.453543
43.891064
29.287481
87.698500
70.878799
43.596414
65.043111
6.823172
51.171579
73.023582
33.979580
115.024373
21.077419
63.257127
27.130828
27.037774
24.704094
141.962901
27.606720
10.131154
110.277268
38.140628
66.226784
64.531387
109.667279
50.759206
78.244508
14.818884
16.035692
214.055249
56.671060
9.524351
135.389774
71.955333
85.465251
67.471294
23.577473
73.476754
65.138353
30.968146
27.938214
6.592875
39.438793
12.667804
26.020849
41.746294
63.164960
103.383941
20.436708
73.072191
33.789082
44.693326
45.905081
23.228259
11.709918
58.410459
42.342555
38.973656
30.465624
103.365084
33.353955
92.969317
16.415627
35.281955
67.347604
39.027635
63.140068
40.273691
41.246856
64.554090
121.349820
72.205387
37.735387
69.361131
34.754319
61.970158
19.029237
45.388242
110.238716
17.306027
110.061954
58.946615
19.698909
67.082810
31.006927
78.138710
13.327239
57.542590
81.327514
31.743467
85.273934
61.381345
79.456859
104.812586
46.115915
94.645136
17.174166
69.899909
7.722918
60.612138
49.191728
48.986979
28.843042
16.525311
76.096524
22.086020
16.276649
61.787373
4.604451
155.031636
50.603428
89.035107
26.823033
31.092431
55.150257
44.053943
21.699804
63.514253
22.981606
35.091160
11.702525
60.222012
28.578871
122.092882
44.930237
85.238409
28.918635
99.402092
73.160502
72.809161
107.213330
78.099820
56.028293
131.220233
15.215111
24.840928
41.811998
38.989561
5.744638
54.714564
30.953908
37.542696
14.030881
66.917370
62.249905
93.701515
68.137941
17.594635
61.150953
83.115571
36.391941
138.334732
42.441723
71.407963
44.161778
27.831530
36.386518
52.678085
6.470408
101.324384
79.798796
74.969569
71.724998
30.012598
26.983786
97.582964
57.011507
45.321933
26.768026
30.106301
52.070334
38.695034
99.664250
55.529497
17.096657
98.560139
2.450861
24.712912
47.454148
77.737266
58.998471
4.982286
54.090358
17.087351
15.931583
80.332935
53.019781
41.337204
19.974691
62.588670
38.817003
25.076016
63.363120
39.588356
105.256957
96.010333
60.691404
92.038657
118.597856
95.271613
59.566963
95.110088
66.465042
63.935434
59.211261
49.501835
40.637014
35.748592
74.034019
94.876893
71.253349
8.216507
73.762406
84.829067
4.265928
9.685057
54.199244
26.141110
99.507209
37.894340
116.509662
23.088357
37.246929
25.928703
73.505375
90.346200
22.111048
130.003167
116.632575
59.929010
20.162403
59.557452
20.336577
56.928711
166.537042
99.797329
92.717413
40.281332
72.283925
73.622938
89.295465
93.387913
40.716994
7.065037
100.316431
128.535275
76.549900
109.160295
27.670608
66.015707
73.647426
89.429357
88.604889
56.173645
31.150926
178.692491
71.430849
35.133998
45.109597
84.122154
42.930646
40.778619
65.040134
34.545144
43.056313
10.796300
112.889304
37.578356
36.717386
39.357759
50.192283
30.441290
31.885649
24.248934
21.440239
16.465427
47.679593
14.901942
46.629060
39.739749
3.366638
104.009020
32.273761
54.202336
39.498667
46.239630
12.572447
46.454729
16.708725
41.313178
42.394876
32.069295
39.903932
49.465942
75.316776
68.971563
33.706486
17.763721
25.028378
16.009450
78.280875
2.828615
67.475216
97.879465
76.172991
65.792168
89.449056
24.290103
52.271822
46.396717
41.775550
90.620536
51.474188
13.341260
39.778391
52.748640
104.326606
50.238745
48.350706
58.600650
75.570523
84.669344
49.438934
72.925640
37.915861
61.541517
44.607584
38.399917
81.302608
42.731893
88.047853
128.367068
104.135376
66.875883
39.102139
34.978804
96.128457
76.824942
114.682873
58.359274
72.597253
36.734840
100.330974
23.831376
9.964030
100.996101
45.303652
155.717321
91.324676
67.470395
66.002062
13.748609
93.030381
29.347564
46.776463
48.437177
81.673839
119.738567
51.288459
71.086497
47.948252
7.090106
40.964768
93.312611
57.217299
48.742760
72.443986
61.076244
47.493311
45.501454
82.578888
84.481779
101.769642
74.426657
39.111639
49.692191
59.127265
66.205735
70.859635
44.856772
29.593848
78.417437
86.266243
54.507402
74.862053
59.315053
72.305703
64.937197
56.174740
80.726951
2.347715
55.110549
34.711887
37.177962
17.136055
71.539869
40.857621
28.906829
64.626515
57.902374
25.928425
29.661807
79.655902
42.207285
55.870308
73.128071
85.020387
93.638155
136.597111
75.236751
18.814790
27.183410
139.328881
43.818582
53.219140
116.046609
27.024387
78.814146
26.361203
61.878468
34.186839
32.048797
83.967869
68.978489
61.267348
34.144507
65.543734
23.359506
61.929837
84.420707
83.417697
50.323616
30.533352
127.863044
32.527897
42.114608
110.128841
75.500164
71.017488
84.048160
42.080789
6.777411
59.567590
82.387233
47.679937
25.653844
111.608685
56.161253
48.686267
52.941630
45.237177
63.062462
54.792339
107.640034
80.922163
21.017851
80.162129
38.651737
35.240486
53.247148
28.667431
38.115793
47.004542
58.241150
65.853560
125.280311
37.692142
96.352160
54.960787
96.716757
107.191893
60.853745
159.949079
23.898329
64.795452
37.910557
63.458157
87.738883
26.494722
52.906839
25.407926
142.090959
44.360782
78.882693
129.125546
58.969201
90.303623
59.875172
45.793895
89.361767
55.194528
111.827545
51.942249
60.799421
43.881676
80.360311
40.350131
50.264000
49.965235
72.601548
14.915932
38.868902
43.942786
8.571078
25.867509
57.722804
51.600266
30.193774
62.056695
39.492314
25.660391
83.824733
32.795717
95.142074
73.920019
174.835591
84.225013
88.663234
33.295181
53.449373
61.676333
54.512846
55.281705
34.429546
38.907330
50.642964
153.223397
71.583386
37.979750
73.693905
32.827579
54.219273
15.520099
51.795058
32.666099
44.424574
47.576551
176.150173
54.971644
20.623649
54.242378
108.917823
23.294507
12.316494
48.487354
53.322677
53.910130
77.869436
52.726585
64.872243
120.038827
26.665728
12.856683
27.947454
28.177899
68.334715
121.130731
41.644281
19.728303
43.948466
98.846030
38.948193
119.580633
18.047720
18.089804
30.022843
32.708382
77.481917
28.923866
36.141262
37.885057
48.178135
45.820037
105.124506
61.310721
55.817473
18.405482
55.099500
37.247368
31.463853
53.116832
58.062545
52.966248
69.528304
142.412274
61.150644
42.637685
50.467335
69.689277
106.755460
137.273350
41.089896
62.946654
89.551066
32.343905
50.683916
113.115336
17.088518
143.259938
25.707033
42.918362
29.808432
41.663177
55.523348
37.869059
73.958156
42.571986
72.530556
84.578549
42.457534
78.776862
44.757273
98.973147
112.138567
34.411163
78.543051
94.334386
71.066077
68.878666
57.549851
25.901929
48.426395
60.177631
32.334161
56.640137
78.986825
22.404268
37.754595
50.847207
43.704642
120.875890
108.665075
28.349720
70.540306
16.595551
37.429069
78.386588
129.061919
83.222165
118.311625
41.422441
53.366647
64.311505
24.760604
64.036595
26.876064
12.809006
33.656262
65.630899
61.995039
86.292814
50.794999
33.238619
43.126835
73.084565
22.548536
30.623944
40.820502
46.195787
25.119603
17.548678
42.930325
51.015563
75.167074
64.724804
86.774227
78.566412
35.700902
20.293957
38.477407
41.390342
37.787780
50.557061
47.980663
82.480873
76.591759
76.798167
102.629803
62.853895
106.754148
37.663279
52.351933
77.633198
55.407009
11.261082
42.143529
62.354063
145.060622
61.300124
47.162403
49.479245
64.447742
82.626300
50.454737
68.030071
91.512741
47.266448
49.828540
59.268958
59.188137
119.740603
29.047526
56.380631
57.521022
26.375246
97.098215
61.417671
93.769701
142.605488
91.192733
53.229197
109.128855
15.220340
42.094160
21.045443
58.764028
79.154241
110.415686
35.101558
64.535656
70.202124
25.646062
91.332792
83.956804
69.669708
102.888947
59.784405
51.721062
35.368507
140.545678
13.281744
12.754518
57.261411
34.546319
25.103840
45.104713
2.904405
134.061719
93.945353
129.189908
114.332199
22.322716
62.679294
63.600102
60.772976
30.122913
116.361542
41.802700
199.989388
66.259482
36.094009
18.630350
47.895930
53.171928
78.495902
88.821329
60.075294
60.023317
90.413797
162.004838
11.736014
56.870124
61.913537
124.174061
113.353151
60.007307
57.689272
56.915315
9.975079
103.815867
116.998287
82.305493
136.523582
103.586434
154.744721
99.399986
193.336600
39.174572
111.750333
28.390011
107.784995
9.365739
91.512713
14.044665
119.523521
72.882985
115.805240
18.862242
109.049341
134.053299
27.530983
168.235738
128.042978
159.980403
178.847756
66.560571
76.061108
91.230181
122.319505
70.446405
63.802944
103.358657
151.879762
90.421019
104.539206
195.492771
193.591095
59.420780
185.765879
203.339283
107.572681
79.729241
148.020271
199.080841
53.948040
150.052204
219.608436
188.606109
17.945121
166.886791
129.133523
156.882916
66.686795
128.772922
148.581048
268.544657
55.659676
203.537428
150.743988
105.166264
107.131205
67.747330
67.582725
148.889348
56.834050
41.819421
145.445247
181.906226
89.349131
226.150225
173.917891
183.953215
76.416004
105.056973
156.117493
244.507355
152.252186
88.734369
149.072051
68.843201
58.498726
167.323040
110.337693
112.583888
142.125360
143.803940
144.494592
71.616797
86.089239
208.317636
153.705699
168.561756
140.049718
96.197495
144.771625
36.820042
159.971830
121.280304
99.077769
176.932551
241.084305
24.551970
40.081248
122.919168
71.799688
146.191644
122.243478
43.493910
79.702245
103.922819
137.691504
122.266717
126.897126
114.808796
28.719224
68.196968
90.537713
61.286249
90.441632
143.733793
150.060550
111.936317
51.371551
82.975882
41.530712
159.698639
26.730186
72.614464
86.297332
31.175391
99.349455
40.321366
104.624989
141.503997
67.757518
105.675721
52.476482
103.811901
73.769224
83.677607
38.548892
93.321894
66.776325
121.533580
95.921242
76.845817
75.663328
27.317571
4.703640
61.377509
70.101891
47.196686
77.793208
22.295918
48.403665
100.816461
80.872217
12.907567
82.751436
52.481873
85.447839
12.133222
117.891862
101.224460
94.413690
22.759607
74.221860
118.954138
89.523294
98.673652
87.536196
99.513407
58.026460
63.230239
39.750673
68.060464
40.856198
77.989547
30.611717
31.512049
101.184096
0.864901
67.599441
35.301234
57.695662
22.321925
31.713146
38.697515
64.558976
55.402079
44.837012
135.622923
77.389939
31.237278
107.269950
15.306485
137.370061
61.385056
63.588761
58.109848
57.218369
97.273070
146.871868
54.366469
30.381841
53.808335
73.254874
142.154489
63.623614
133.470915
34.362489
75.448899
35.263490
29.198495
52.535328
55.090709
124.365571
15.047052
112.054152
81.918725
27.506709
76.673453
23.289220
109.038080
92.409730
94.567177
51.519635
52.390833
86.343750
70.924756
95.137060
79.612035
94.673527
22.844388
60.618063
103.641408
134.663048
68.467066
47.638710
73.484321
15.663185
106.865684
56.113071
48.130465
17.542178
24.450160
75.532011
98.501444
59.928756
62.843988
93.920143
136.508002
43.710456
25.761438
44.061277
13.662858
8.621164
71.889560
23.303651
120.100861
69.532761
40.832127
34.502474
42.900552
137.893185
38.584910
56.500600
11.660768
91.977520
12.484401
5.725104
125.156737
49.068050
111.752680
54.368209
66.967884
27.340509
46.160473
65.768854
40.024858
53.029151
105.668118
71.526341
46.644609
91.972053
49.062391
71.150700
68.271048
23.595036
48.556946
34.976321
57.297342
51.068438
38.806498
46.018735
79.915200
32.275429
31.266361
65.625459
95.148760
35.051502
15.761776
32.863083
44.558649
100.582570
94.209351
20.358692
35.580841
13.281459
27.894551
56.877527
5.219983
9.804010
62.417480
105.249556
82.228155
115.316062
111.605688
63.120772
33.183267
39.656342
44.140364
51.623476
36.979470
27.108795
29.991892
109.225621
61.785983
63.398441
82.611524
85.187449
20.957953
60.493339
106.097732
51.081537
78.490274
19.237024
39.151898
25.384475
69.295062
50.210697
56.343596
74.151314
40.657626
19.324398
61.679258
34.589627
13.690368
34.064432
39.115961
16.083689
64.094122
170.430356
42.986993
127.062952
88.840211
63.842152
83.524483
27.144414
80.660981
76.320930
87.297409
90.630089
42.767561
63.059299
56.730905
70.274870
7.535778
57.125640
25.382109
35.351044
49.349217
85.056581
115.042794
30.490206
157.027868
100.835475
69.533944
28.993909
71.295420
3.825541
20.964872
55.187736
62.275523
72.405011
136.693973
40.213627
75.964132
56.681587
68.019656
68.449401
80.619424
95.358159
46.297840
50.651918
106.626913
32.454162
39.761170
23.396901
33.810535
79.065044
51.486741
49.601145
136.303676
50.206269
34.373965
67.374036
85.081804
65.950219
11.613474
66.677226
68.118684
66.461729
47.715922
33.134136
22.536031
40.496217
74.576660
92.290893
30.565692
29.770002
64.342499
53.141023
63.531080
60.434205
9.687033
23.991545
103.105445
58.782978
35.546397
113.864976
29.171001
51.531959
78.291508
42.854314
16.785782
84.906798
18.093257
38.389604
97.311439
13.124070
92.572151
63.436150
122.837763
62.685087
52.390073
133.562222
76.005069
73.981192
73.745277
30.129496
21.425979
10.681368
25.650395
87.626058
36.397106
57.092712
30.239522
64.264358
29.913161
21.109777
5.718062
107.849346
7.162573
127.983478
91.887321
60.686230
52.618070
39.737216
134.362934
88.150534
48.785101
30.436791
39.939218
52.474713
41.141354
38.884887
46.184167
47.970878
78.256339
50.906354
59.430628
44.859443
81.819145
24.502461
9.895514
69.997704
26.041746
92.643068
41.998405
88.141330
27.407943
35.566142
61.485881
36.340468
95.776827
27.993668
18.987610
68.691729
57.474717
23.992676
75.476704
24.576375
80.026779
59.458521
60.482535
39.402662
48.188651
56.664449
27.919652
68.194523
45.390666
47.433014
90.298798
75.539114
33.844056
94.753375
39.559944
42.274030
45.842642
38.382427
27.834250
66.324097
62.630532
74.451168
28.503565
22.541839
20.231316
30.392518
23.432984
79.344624
87.551730
71.739010
78.975211
81.842710
64.095114
67.081083
99.656774
74.105064
45.781887
43.397482
3.929244
33.843126
57.569695
131.384491
82.099771
91.366581
72.193963
60.952004
60.176345
20.072422
58.597075
73.284801
73.395628
51.793607
42.365868
99.926469
143.935261
53.018981
129.962923
58.138613
84.789462
107.867548
72.920689
27.019618
95.875669
23.258667
38.130995
39.439512
82.957633
34.358350
72.307366
37.752464
19.221895
44.396424
44.219165
72.117975
74.069077
32.097484
38.342697
34.079181
36.052866
95.200643
70.525013
22.994707
18.884567
56.919585
72.422548
61.341672
68.022748
32.856565
98.085585
74.938279
87.466740
11.651348
19.776866
49.925449
81.589892
77.610076
125.238415
25.150426
49.703626
95.879292
18.610316
133.502403
61.768447
69.307768
11.387016
73.651148
73.991324
77.118766
33.482611
44.572634
13.684617
61.299861
11.435517
17.874585
23.343294
98.093887
23.496585
124.466282
48.252829
69.534384
35.138067
21.906856
107.670324
19.841095
47.840052
82.792603
14.911962
22.547017
52.486020
36.424711
75.442859
26.498388
48.349161
45.414516
36.401573
38.566984
91.193031
53.025479
67.676798
41.263885
65.248067
56.543288
73.996895
66.907496
7.338597
57.961825
79.150187
105.879717
52.343542
47.048576
31.686493
61.941479
84.444542
83.098516
31.697672
71.371274
48.881744
124.314188
38.258725
41.880872
94.931910
64.838886
65.620665
54.723821
21.274305
41.079697
147.375981
18.815848
45.139493
59.619095
30.187972
34.140902
61.287633
57.226210
110.571246
100.968496
54.153372
19.758145
50.918717
52.181109
41.328112
67.665823
97.374804
69.802062
106.918018
38.107025
54.088344
65.568174
28.742819
57.443340
60.901471
115.773567
44.289358
70.776839
118.122877
38.607777
34.852845
91.772704
84.096421
72.818728
44.047740
54.258517
29.341268
115.263581
77.918623
66.836861
35.612333
68.521288
44.331814
60.710821
99.623079
56.846184
39.289745
84.505613
25.263611
52.056986
71.124454
71.939677
22.648622
109.862473
52.240053
72.928572
14.468214
70.504649
55.355452
74.644693
67.536701
28.637388
81.854330
122.157174
38.748256
77.793745
53.531756
90.547923
9.114178
46.201349
16.874925
116.981496
55.358833
83.571884
50.787390
40.708816
60.447196
66.680939
50.150231
72.559618
38.102931
77.863088
130.399320
55.079979
62.237975
148.624475
244.461690
30.160063
112.216832
112.096571
57.936049
48.335477
56.635344
99.359167
210.248619
62.101786
194.018679
114.043754
35.475649
3.682670
62.629758
55.446219
115.961825
23.556158
99.700742
111.860252
68.431946
97.983454
113.557128
37.225988
55.510751
28.437637
73.003233
174.796267
153.976945
129.558994
138.939395
115.529174
90.594974
19.120797
106.897497
107.511088
122.319745
34.207464
78.356487
141.410728
133.173342
118.368763
188.539500
23.417786
59.069893
45.710107
43.505104
106.058443
85.819702
114.909076
39.986566
16.551351
154.190063
123.294562
22.829373
30.760529
40.994330
59.916162
80.838481
128.392832
35.093464
119.337722
55.191075
161.755601
37.485147
33.748899
58.570925
58.026651
64.066187
59.603697
28.016657
43.752793
24.923726
130.014187
45.206404
94.439877
104.592135
52.341010
96.451862
68.369004
130.623602
30.890608
45.613246
95.580923
60.167611
60.371028
107.564193
19.868321
68.885406
22.059082
3.717255
35.046647
54.249800
8.449785
54.665656
76.843246
154.526105
38.029082
30.197112
54.215594
76.077328
56.529075
67.776238
78.150083
73.944897
56.001541
52.280316
52.945571
96.422578
33.940808
62.848663
47.387799
27.270272
57.494583
35.557020
19.880092
62.817072
114.680303
78.172162
25.186284
79.399254
73.225687
50.276681
36.246476
103.111114
37.363571
74.712035
30.029736
55.026205
52.309090
46.589070
46.332103
61.249089
86.208237
42.732580
15.944409
41.842002
58.481831
12.111814
41.530948
39.121918
39.523337
39.237925
62.093719
17.491316
34.370868
33.298608
110.275906
18.706161
25.039258
35.664290
25.400039
58.158534
73.033757
13.939637
32.372231
12.717687
49.136210
48.329697
48.295650
37.844870
51.943285
37.992952
50.710178
26.850847
73.069715
20.323098
30.560498
76.954775
75.850047
55.280752
45.629861
54.663886
98.260074
57.008542
18.423356
40.802200
45.061910
65.728984
44.612644
88.927104
44.212316
48.603942
16.858269
14.504518
27.001100
64.665939
64.748632
62.435108
27.996309
64.245010
78.667514
70.658081
33.106998
47.695283
35.299901
74.539742
72.301188
7.251976
3.984617
54.711595
12.718748
21.065371
45.802562
52.525621
37.064257
37.911550
80.593212
84.594510
5.427052
72.172293
28.247728
51.298505
28.663216
47.091032
59.767651
72.156219
80.598132
26.717818
33.477879
96.050662
73.710537
86.874661
11.139095
37.585993
111.585931
67.227797
21.540701
93.891834
17.134464
79.727242
48.712587
85.691525
38.327529
66.624573
50.850859
112.631891
5.480312
58.356880
103.559661
23.185392
49.603741
13.901547
82.246382
54.651811
48.170443
50.377791
38.082107
54.781546
84.636734
86.862998
45.719513
33.992955
44.492913
34.509054
31.657303
45.400936
43.020813
42.040992
26.080326
35.721346
30.724591
83.278601
14.912287
74.094997
129.733032
101.207201
16.587995
25.950106
9.241825
46.856409
34.330596
50.973475
31.679498
41.502520
21.373352
16.017467
101.033622
36.906817
48.548288
43.925134
28.751696
91.031238
38.422764
59.723820
24.045709
53.113949
69.811971
84.095230
51.734291
47.299628
24.285631
23.848607
59.252188
24.477745
106.588530
47.217858
39.241414
46.820843
57.327652
50.216651
12.724706
54.869213
13.254064
24.203733
101.231128
69.582102
28.677651
78.986856
92.489167
60.765134
43.795154
75.014529
45.070031
23.976467
44.899818
38.668634
51.745859
31.672062
22.765877
46.858747
57.765876
60.180892
30.154398
58.954873
43.337871
59.484262
19.497963
54.941653
42.306448
28.161543
15.768835
27.190152
63.307758
62.682707
15.287771
44.378668
50.237385
17.547021
41.993489
46.431985
65.376047
98.718241
106.155135
41.715181
57.226638
75.130926
29.669028
36.862970
35.376741
36.312404
55.448886
14.000625
22.406944
26.919450
24.862061
45.491960
43.692261
80.642549
76.382278
32.510424
59.217057
19.856812
81.970539
57.829531
42.216001
41.804880
34.408394
27.476870
33.952123
57.068844
21.838016
59.202931
13.182846
58.933033
51.052484
70.288697
70.072064
39.313029
53.302365
24.446844
36.422611
66.491757
55.751432
45.181964
49.611749
31.878825
45.872993
27.779516
18.114519
66.454571
51.973581
22.421939
12.870361
64.415971
10.335369
45.967768
5.079528
58.768095
23.718624
21.223498
29.515546
64.348051
77.761348
37.946448
19.811968
39.022109
2.247694
63.080170
70.285422
55.175609
46.268466
53.117317
68.135425
17.297089
48.029815
14.418418
69.414806
23.664411
52.592090
72.931007
30.936187
45.484800
42.022106
62.776889
60.426212
36.381126
5.973703
39.450884
36.330982
63.758512
64.822379
9.765037
36.821863
52.804203
26.900602
27.278049
64.675717
90.155967
25.443707
30.630902
41.961472
60.392251
94.096472
72.406017
10.123952
46.340989
15.786764
42.459455
64.999076
14.190106
39.920973
51.144419
44.679956
24.022529
23.506267
38.092326
10.248238
30.606984
45.239020
59.091111
78.704625
21.186089
63.403495
35.307712
18.407579
78.554770
12.213996
29.482772
51.572249
31.719498
53.568536
75.945769
85.478014
35.055784
62.762088
77.516569
25.070782
17.180883
1.644409
46.411841
51.331173
84.297465
18.742015
87.924382
34.511924
17.895519
54.661331
32.943319
114.633499
20.234922
11.606950
41.070662
54.167128
30.650810
58.085976
17.368381
97.728809
56.762096
87.622734
79.206720
79.891370
8.843525
25.371687
40.642341
39.216978
87.542807
17.721825
51.579219
44.060685
63.036706
14.514899
41.906330
85.632725
71.890663
9.250180
73.212481
35.161580
58.687525
76.794792
45.154028
67.730213
32.157901
93.607237
29.157266
31.658286
87.477480
102.956755
43.179366
88.086130
20.109266
47.267050
47.426721
40.920620
59.119542
27.002129
90.980390
27.587244
52.158909
68.658119
55.947913
29.876514
9.662494
17.471728
59.982428
54.868126
25.928736
14.430347
93.091871
29.311210
71.896219
50.987961
67.907289
55.261582
65.885068
42.212716
21.148897
6.936006
25.865040
35.908797
29.964206
27.683802
50.824451
70.196535
96.980429
116.425963
90.590018
35.237769
12.247815
23.697892
15.890885
111.275499
74.875505
27.011668
54.412067
16.795842
102.684183
34.104924
15.280824
50.276822
75.285751
27.696012
233.636304
42.127680
47.287098
48.880390
72.761155
55.406161
20.871145
56.829620
47.062699
65.070805
8.021818
59.007564
41.068604
40.504657
40.685825
43.820731
30.362376
87.916547
19.041242
32.331645
79.693649
96.327461
26.534662
56.925717
36.053780
18.618709
61.027136
56.839902
75.642752
73.954167
68.977624
83.407822
81.568760
39.203569
12.735354
29.400607
40.066078
34.454147
42.036149
27.990584
33.182553
122.661744
69.839084
16.414792
66.781201
110.816462
54.417378
52.515481
52.318606
56.535977
35.815807
18.382003
11.707920
40.091758
108.533928
34.813870
19.581554
89.791625
129.489259
87.153583
45.694164
50.408002
56.243639
65.092659
37.230212
49.907211
146.370833
108.717994
76.011002
79.300514
70.883688
22.911721
89.223124
35.754223
67.977222
35.829259
69.601721
92.168902
81.559860
65.474849
139.148113
28.063724
36.565399
139.538089
46.625720
38.964642
46.765680
15.159333
52.803995
55.438704
64.253875
101.483955
37.836012
59.737508
115.387134
7.690559
90.726161
66.481133
45.147577
75.801763
33.915037
109.572337
126.378827
113.307886
50.640861
87.330610
49.983669
15.796198
29.205195
63.516230
36.476086
244.027051
26.800304
68.430178
119.555389
71.984024
47.622120
89.731135
45.256254
154.714338
25.094228
117.934339
178.777023
68.622532
57.358497
164.691720
218.356292
85.748488
204.000080
25.366687
62.842397
81.667145
129.442684
115.803436
62.563121
155.508257
182.979649
191.250158
67.979206
37.279602
80.763350
142.052707
53.276384
42.730448
134.876718
157.395203
99.621738
73.745407
141.511736
71.631012
64.751829
55.090510
123.216334
152.288780
96.546036
49.837642
186.260584
99.267368
64.686342
24.345358
98.728021
101.652324
15.158982
54.012881
99.598103
212.404577
60.080368
94.073017
143.101765
130.108796
84.728199
67.665952
147.208896
81.308920
77.882750
86.046790
49.028904
99.404850
111.805446
70.773287
112.892046
80.144132
116.979906
48.479802
80.372836
126.304427
73.609007
52.326024
64.041913
136.962560
50.720249
76.577914
44.006798
66.579948
90.953068
72.538573
66.497845
44.286872
3.399031
73.554372
58.364366
47.653767
63.684454
57.385765
52.473504
79.742020
146.507107
40.702688
93.471978
41.077262
36.174029
30.456302
132.799788
52.890197
116.611459
6.491715
39.767091
77.496173
96.156437
8.294105
36.335403
77.994561
49.065989
61.529846
52.814248
34.549438
38.071138
15.974276
24.988753
47.773567
31.797704
84.379849
28.767929
21.881135
67.598811
92.185406
82.235116
35.682774
93.248834
25.245115
66.357661
29.916132
28.928403
28.421673
42.649883
49.005411
53.603056
3.873670
48.198998
23.858495
56.223146
54.096373
65.890053
58.765808
75.050548
32.766795
19.895590
50.322993
20.936300
59.595155
26.041576
25.036172
64.707249
28.103400
86.887884
17.077941
38.692487
71.044739
36.249160
54.574819
62.497388
45.619622
64.895679
68.682272
16.007822
35.084336
62.216527
33.441966
64.980439
41.777876
45.193504
44.243789
35.081405
64.440018
47.470765
36.997390
35.142270
44.160555
29.778501
40.814489
45.791923
70.148662
9.512432
40.706819
43.819177
103.232409
86.852622
109.948358
43.302941
34.310317
55.295187
22.119592
50.877410
74.230432
85.886002
28.128162
55.092086
35.616797
44.814566
48.637285
63.770640
22.916520
38.077356
16.293063
44.685661
37.510973
56.969904
56.439119
39.972145
31.258466
100.918377
80.588556
53.343527
82.732574
7.615413
24.364922
85.528129
13.653009
30.425052
49.695545
28.798493
45.999758
82.962344
23.114553
66.925282
9.594146
21.424634
46.407661
57.154927
53.949735
50.574023
19.567227
41.995402
65.285988
44.821198
38.697451
55.855198
28.136050
47.334604
32.360458
71.556316
39.232508
14.161528
22.149397
55.680891
75.791035
92.255984
55.375982
38.906405
25.701007
62.007227
32.813362
89.318985
43.608411
18.229651
79.331845
12.227584
48.710399
95.867547
59.939907
19.533250
44.155658
36.512181
31.940083
30.702927
17.831763
49.355254
42.940789
8.298852
31.121814
58.826435
64.965372
64.883909
51.559343
39.657346
13.929940
62.712540
21.135068
73.520111
108.706714
18.438858
66.653462
68.051545
39.438825
59.667556
65.832984
56.152046
10.810040
56.043892
54.572434
75.544598
75.760771
26.192347
69.999311
22.949191
12.708108
25.038046
41.206943
25.589826
9.359961
17.452431
55.222636
50.661402
24.023748
110.315527
39.849975
53.016482
46.363471
7.223062
53.071043
16.606941
67.818668
75.777164
45.438719
7.420062
46.409946
28.191859
91.895381
35.432884
73.938616
11.326083
85.102441
32.067694
32.195621
59.569022
24.809286
6.832784
48.933666
76.121815
32.204298
78.495869
39.448648
17.659189
73.436017
29.887103
75.984812
52.238958
40.773407
12.229914
41.952884
66.928895
66.349861
36.611550
59.030584
30.973486
59.414578
32.214650
34.171537
50.022972
74.098826
65.209093
31.014384
18.679563
26.276691
29.180549
29.564205
45.840999
33.094238
87.997126
63.048308
15.216238
39.153568
89.007452
38.114335
25.896829
19.091484
12.033166
64.881838
17.789204
97.787664
10.241046
29.902445
18.384485
46.903795
77.019548
83.203532
55.758899
28.275593
60.589597
5.765899
29.320048
65.244815
28.654269
42.549099
33.489530
3.283296
41.046625
63.369274
17.350532
20.679429
57.208641
53.601810
41.929732
31.657947
53.734721
20.354348
32.900987
82.953034
54.695602
43.436849
17.415138
30.367174
17.222123
50.921711
52.550521
48.392720
45.512556
52.849326
68.004392
50.968071
26.220286
49.210772
14.669271
34.437844
100.598296
56.975831
105.617452
29.683936
36.649788
57.803601
38.019039
65.344189
47.791197
24.559220
18.174604
50.492270
67.307835
25.327919
30.800534
71.440732
38.795484
17.364125
37.409328
8.632487
47.325752
33.352955
113.971191
56.916082
52.857048
36.880166
39.203443
59.734923
22.217665
37.662264
61.137392
28.974797
56.560908
28.314295
31.291107
16.853108
22.419732
44.345919
29.640940
43.276314
31.603791
98.236635
64.142921
85.332340
26.948176
36.815862
72.837962
66.427451
25.664567
61.213974
25.671130
30.852748
22.161954
33.429811
18.697221
84.748172
11.447974
30.001928
17.872587
32.074527
24.326981
45.797117
30.101601
65.927062
7.199325
47.714638
21.747402
10.864006
30.703610
38.767246
27.721459
1.720904
36.754194
36.477665
68.453716
103.637393
82.474895
39.237524
14.704965
46.255767
64.908623
38.799479
41.480702
75.557961
110.784581
28.858241
68.834153
61.525928
32.048151
15.633782
52.139136
51.684496
29.330598
12.522745
38.814606
52.694257
58.285064
32.869422
44.506798
39.085861
38.251197
30.381285
27.018649
35.275055
64.869997
15.006027
66.327992
87.279898
69.785848
24.995104
43.433044
31.309481
71.717545
82.303107
65.714313
41.538184
72.595493
31.155549
32.666916
45.341366
11.463581
66.791168
2.586265
31.609240
8.456313
104.072697
3.122510
52.889855
34.261183
123.253295
70.517229
42.137076
36.975822
44.690032
55.540636
99.708896
25.626961
11.310185
35.227094
60.415810
75.401919
78.814336
44.998559
37.515494
55.197677
70.987564
42.091411
83.818484
61.041955
87.059076
12.170885
23.751680
75.132018
34.199286
21.110629
26.692931
27.049035
27.430567
47.190761
13.309331
63.928342
30.870771
27.088100
46.209692
40.428026
52.075907
16.711554
5.453820
20.042747
32.889248
27.072867
65.193306
18.728990
25.610309
6.590695
25.498188
55.341570
28.746082
42.595833
40.003940
24.121075
49.434939
66.395482
54.617393
38.334710
31.366130
46.348679
70.096079
36.861842
57.415530
97.514652
116.386735
28.883687
21.090721
44.889196
31.453867
76.482289
43.500948
43.692562
4.411348
45.529047
72.598872
45.597166
55.319488
116.418393
34.838780
46.182729
42.678902
57.454375
23.096778
57.249087
109.331065
51.027291
66.978700
13.448195
55.869956
61.366962
86.681922
60.033049
29.678783
41.282368
33.766271
63.428857
46.223105
71.007682
28.185199
76.786004
26.261386
46.069032
9.517222
67.390836
23.029564
51.632284
22.640092
3.780990
55.359164
40.310771
41.283774
18.006187
52.312944
28.875163
50.401632
95.195239
17.737871
34.471943
56.489790
79.325177
75.343997
56.897018
56.236318
39.255992
26.785833
79.596413
71.995877
82.385598
74.951606
63.355684
86.473361
41.495007
36.495608
133.248680
70.965946
51.460252
35.872216
37.539115
82.857125
29.457127
45.052137
54.762457
81.702578
30.071781
65.878859
50.159517
7.796213
15.991484
28.200395
39.292524
59.390182
7.295123
45.147992
17.640056
44.771979
12.206648
81.415723
21.894723
20.061084
47.815530
77.059933
62.691975
25.478161
65.789786
2.189694
48.007612
79.977831
5.818396
58.850692
47.825689
56.638801
70.722990
51.400265
89.245340
33.672777
73.904516
31.400460
53.034711
43.754108
16.881199
3.567659
30.751860
31.372792
88.545240
42.386130
55.717056
86.856180
9.658442
13.709943
41.562518
36.532628
97.726887
60.906516
26.622987
52.364175
40.039167
19.676977
40.700329
33.298929
33.716056
14.276699
58.888816
21.827353
79.604980
26.372887
30.029923
17.560323
7.662327
65.585539
68.548689
28.907018
6.971958
76.451810
42.176505
31.530357
35.408963
73.333269
17.195510
19.044261
53.311062
14.304211
39.753738
38.455670
44.056566
32.103470
22.588511
38.512304
61.070439
34.355614
36.042931
19.516335
14.627568
74.526717
8.357583
39.678848
67.345974
21.310236
26.503598
41.422167
40.085076
52.517809
66.497203
40.372429
20.709624
40.252534
21.559849
38.014743
12.449644
63.012233
22.480465
25.491760
21.958543
29.755312
100.374238
69.473478
34.268150
30.032650
20.953531
30.956675
14.320077
25.786853
22.146442
28.918066
53.038287
70.484376
85.144396
15.035811
50.363381
6.656745
29.507981
27.765340
16.067276
24.569282
11.502265
28.404521
79.087851
26.511217
56.757730
60.157825
18.302142
23.825669
17.901353
56.744568
68.297358
47.693021
24.892141
20.554772
16.571362
53.500447
19.788678
14.729345
31.208298
54.481632
47.340579
6.803406
59.613433
58.900848
47.067543
48.473977
24.567343
25.524073
45.182471
62.238118
35.008899
23.986783
36.706172
19.067361
45.086642
8.883713
52.908854
78.748813
54.550189
42.527367
40.077863
85.967120
22.658644
72.551662
51.676994
33.654040
40.551066
49.582968
72.339674
26.681283
55.295585
46.702126
64.693384
28.235781
39.602064
97.007322
52.680264
51.696170
3.837817
55.346575
24.847098
22.341129
57.410051
88.879333
65.242820
40.379178
37.326638
27.784530
64.885739
14.817474
65.712563
79.716173
72.109307
26.871658
39.578070
31.230772
22.534317
20.164434
40.481670
68.312758
33.632219
48.512007
14.990352
22.670347
59.355466
28.845257
45.155222
74.240105
37.309258
50.276746
35.662259
52.777699
43.283152
81.354870
31.971748
57.193030
24.103636
45.735008
52.496780
32.143042
13.039414
51.961327
38.393568
51.867531
67.114717
71.426774
22.777994
74.935032
42.412716
46.847104
66.018522
35.055214
65.130784
27.131385
54.022546
50.729419
72.115879
10.985039
32.217263
36.965034
45.318153
46.335248
66.827049
64.750936
60.612383
24.026558
94.646408
34.756532
56.913095
90.471541
162.214603
19.483006
50.509688
37.987326
63.693023
35.060782
16.656450
15.778838
46.459056
58.245345
9.847328
25.316716
29.779880
50.600276
25.899309
45.372812
18.640044
17.100580
52.235629
75.783013
81.345271
33.606569
35.552547
83.136622
30.101616
23.380743
7.748674
25.811199
74.547516
23.692146
22.434945
34.426735
14.158188
80.472739
82.504112
36.664095
19.268121
22.828032
16.046578
10.572376
9.408779
51.269030
32.359927
46.805883
108.898682
64.037688
77.477027
30.113627
39.229561
13.012187
22.928690
25.308484
23.654855
49.773704
30.389515
25.537228
25.476843
22.356762
23.236095
50.281408
33.080128
42.284349
27.563149
36.400551
84.274041
83.913079
18.683912
44.676795
31.260595
11.435292
39.383453
73.038029
20.684619
12.490642
39.399333
25.500508
18.797585
46.046928
6.547501
60.620407
19.955805
93.847654
59.945173
49.190278
49.871863
30.171519
27.283506
53.767414
65.102237
18.230195
45.406281
51.117615
50.144648
21.158767
21.634220
20.781266
35.594736
38.508229
15.356992
8.098850
7.165517
40.198938
65.455777
35.777913
42.247699
28.270434
28.442387
2.286139
31.620916
24.350904
58.886798
59.211930
13.466492
63.960433
65.373992
13.940187
37.204787
30.345111
24.447594
39.089776
75.435417
48.483837
50.145561
36.440745
29.471777
41.062154
57.739333
42.513946
53.641181
49.982563
32.575118
43.094727
70.924498
26.975610
25.115810
56.767342
35.008347
14.645237
26.191176
57.063994
35.626870
37.549954
18.901093
28.947797
21.020009
9.798835
18.752816
13.596419
27.032256
14.987353
34.430472
35.011546
22.761755
41.960452
34.702478
36.658553
25.542282
29.162283
46.607881
19.837987
25.345185
20.696168
47.199542
38.560485
57.375552
26.604073
31.865918
20.796170
17.233609
44.470719
45.225196
46.131306
50.895534
24.294646
59.068634
3.745069
30.615878
80.108292
34.895092
28.670989
61.594339
45.167617
36.097343
45.413288
35.235665
58.361848
47.722428
60.792697
8.224643
47.416711
24.727038
17.354674
14.900992
25.808328
54.341390
20.300227
30.306617
48.130348
24.176973
47.481439
79.086724
1.968051
51.949712
48.629156
29.762072
59.645824
92.294427
29.397826
37.265005
108.964910
16.722819
63.710088
12.430124
37.812040
10.142788
38.242056
66.628225
70.438658
63.290909
35.522618
76.763662
20.350097
44.883093
8.181838
15.917701
36.846683
80.789606
65.088068
46.444260
75.983333
60.055029
66.787716
55.377157
34.330610
74.635570
17.328054
132.724801
20.575363
45.845097
21.919313
66.678438
25.448586
22.133424
43.798768
45.711549
20.187604
30.833159
15.266364
63.101296
42.559682
16.005514
52.731981
58.122401
32.431499
1.000000
1.000000
0.333300
0.333300
0.333300
1.000000
1.000000
0.333300
0.333300
1.000000
1.000000
0.333300
0.333300
1.000000
1.000000
0.333300
0.333300
1.000000
1.000000
0.333300
0.333300
1.000000
1.000000
1.000000
0.333300
0.333300
1.000000
1.000000
0.333300
0.333300
1.000000
1.000000
0.333300
0.333300
0.333300
0.333300
0.333300
1.000000
1.000000
0.333300
0.333300
1.000000
1.000000
0.333300
0.333300
1.000000
1.000000
1.000000
0.333300
0.333300
1.000000
1.000000
0.333300
0.333300
1.000000
1.000000
0.333300
0.333300
0.333300
1.000000
1.000000
0.333300
0.333300
1.000000
1.000000
0.333300
0.333300
1.000000
1.000000
1.000000
0.333300
0.333300
1.000000
1.000000
0.333300
0.333300
1.000000
1.000000
0.333300
0.333300
0.333300
1.000000
1.000000
0.333300
0.333300
1.000000
1.000000
0.333300
0.333300
1.000000
1.000000
1.000000
1.000000
0.333300
0.333300
1.000000
1.000000
0.333300
0.333300
1.000000
1.000000
0.333300
0.333300
1.000000
1.000000
0.333300
0.333300
1.000000
1.000000
0.333300
0.333300
1.000000
1.000000
0.333300
0.333300
0.333300
1.000000
1.000000
1.000000
0.333300
0.333300
1.000000
1.000000
0.333300
1.000000
1.000000
1.000000
0.333300
0.333300
1.000000
1.000000
0.333300
0.333300
1.000000
1.000000
0.333300
0.333300
1.000000
1.000000
1.000000
0.333300
0.333300
1.000000
1.000000
0.333300
0.333300
1.000000
1.000000
0.333300
0.333300
0.333300
1.000000
1.000000
0.333300
0.333300
0.333300
1.000000
1.000000
0.333300
0.333300
1.000000
1.000000
0.333300
0.333300
1.000000
1.000000
1.000000
0.333300
0.333300
1.000000
1.000000
0.333300
0.333300
1.000000
1.000000
0.333300
0.333300
1.000000
1.000000
1.000000
0.333300
0.333300
1.000000
1.000000
0.333300
0.333300
1.000000
1.000000
0.333300
0.333300
1.000000
1.000000
0.333300
0.333300
1.000000
1.000000
1.000000
0.333300
0.333300
0.333300
1.000000
1.000000
0.333300
0.333300
1.000000
0.333300
0.333300
0.333300
1.000000
1.000000
0.333300
0.333300
1.000000
1.000000
0.333300
0.333300
0.333300
1.000000
1.000000
1.000000
0.333300
0.333300
1.000000
0.333300
0.333300
1.000000
1.000000
0.333300
0.333300
1.000000
1.000000
1.000000
0.333300
0.333300
1.000000
1.000000
1.000000
0.333300
0.333300
1.000000
1.000000
0.333300
0.333300
1.000000
1.000000
0.333300
0.333300
1.000000
1.000000
1.000000
0.333300
0.333300
1.000000
1.000000
0.333300
0.333300
1.000000
1.000000
0.333300
0.333300
1.000000
1.000000
0.333300
0.333300
1.000000
1.000000
1.000000
1.000000
0.333300
0.333300
1.000000
1.000000
0.333300
0.333300
1.000000
1.000000
0.333300
0.333300
1.000000
1.000000
0.333300
0.333300
1.000000
1.000000
0.333300
0.333300
0.333300
1.000000
1.000000
0.333300
0.333300
0.333300
1.000000
1.000000
0.333300
0.333300
1.000000
1.000000
0.333300
1.000000
1.000000
1.000000
0.333300
0.333300
0.333300
1.000000
1.000000
0.333300
0.333300
1.000000
1.000000
0.333300
0.333300
1.000000
1.000000
0.333300
0.333300
1.000000
1.000000
0.333300
0.333300
1.000000
1.000000
1.000000
0.333300
0.333300
1.000000
1.000000
0.333300
0.333300
1.000000
1.000000
0.333300
0.333300
0.333300
1.000000
1.000000
1.000000
0.333300
0.333300
1.000000
1.000000
0.333300
1.000000
1.000000
1.000000
0.333300
1.000000
1.000000
0.333300
0.333300
1.000000
1.000000
0.333300
0.333300
1.000000
1.000000
0.333300
0.333300
0.333300
1.000000
1.000000
0.333300
0.333300
1.000000
1.000000
0.333300
0.333300
1.000000
1.000000
1.000000
0.333300
1.000000
1.000000
0.333300
0.333300
1.000000
1.000000
0.333300
0.333300
0.333300
0.333300
1.000000
1.000000
0.333300
0.333300
1.000000
1.000000
0.333300
0.333300
1.000000
1.000000
0.333300
0.333300
0.333300
1.000000
1.000000
0.333300
0.333300
1.000000
1.000000
0.333300
0.333300
1.000000
1.000000
0.333300
0.333300
1.000000
1.000000
0.333300
1.000000
0.333300
0.333300
1.000000
1.000000
0.333300
0.333300
0.333300
1.000000
1.000000
0.333300
0.333300
1.000000
1.000000
0.333300
0.333300
1.000000
1.000000
1.000000
0.333300
0.333300
0.333300
1.000000
1.000000
0.333300
0.333300
1.000000
0.333300
0.333300
0.333300
1.000000
1.000000
1.000000
0.333300
0.333300
1.000000
1.000000
0.333300
0.333300
1.000000
0.333300
0.333300
0.333300
1.000000
1.000000
0.333300
0.333300
1.000000
1.000000
0.333300
0.333300
1.000000
1.000000
1.000000
0.333300
0.333300
1.000000
1.000000
0.333300
0.333300
1.000000
1.000000
0.333300
0.333300
0.333300
1.000000
1.000000
0.333300
0.333300
1.000000
1.000000
0.333300
0.333300
1.000000
1.000000
1.000000
0.333300
0.333300
1.000000
1.000000
0.333300
0.333300
0.333300
1.000000
1.000000
0.333300
0.333300
1.000000
1.000000
0.333300
0.333300
1.000000
1.000000
0.333300
0.333300
1.000000
1.000000
0.333300
0.333300
0.333300
1.000000
1.000000
1.000000
0.333300
0.333300
1.000000
1.000000
0.333300
1.000000
1.000000
1.000000
0.333300
0.333300
1.000000
1.000000
0.333300
0.333300
1.000000
1.000000
0.333300
0.333300
1.000000
1.000000
1.000000
0.333300
1.000000
1.000000
0.333300
0.333300
1.000000
1.000000
0.333300
0.333300
1.000000
1.000000
1.000000
0.333300
0.333300
1.000000
1.000000
0.333300
0.333300
1.000000
1.000000
0.333300
0.333300
0.333300
1.000000
1.000000
0.333300
0.333300
1.000000
0.333300
0.333300
1.000000
1.000000
1.000000
0.333300
0.333300
0.333300
1.000000
1.000000
0.333300
0.333300
1.000000
1.000000
0.333300
0.333300
1.000000
1.000000
0.333300
0.333300
1.000000
1.000000
0.333300
0.333300
1.000000
1.000000
0.333300
0.333300
0.333300
1.000000
1.000000
1.000000
0.333300
0.333300
1.000000
1.000000
1.000000
0.333300
0.333300
0.333300
1.000000
1.000000
0.333300
0.333300
0.333300
1.000000
1.000000
0.333300
0.333300
1.000000
0.333300
0.333300
0.333300
1.000000
1.000000
0.333300
0.333300
1.000000
1.000000
0.333300
0.333300
0.333300
0.333300
1.000000
1.000000
0.333300
0.333300
1.000000
0.333300
0.333300
1.000000
1.000000
0.333300
0.333300
0.333300
1.000000
1.000000
0.333300
0.333300
1.000000
1.000000
1.000000
0.333300
0.333300
1.000000
1.000000
1.000000
0.333300
0.333300
1.000000
1.000000
0.333300
0.333300
1.000000
0.333300
0.333300
0.333300
1.000000
1.000000
1.000000
1.000000
0.333300
0.333300
1.000000
1.000000
1.000000
0.333300
0.333300
1.000000
1.000000
1.000000
0.333300
0.333300
1.000000
1.000000
0.333300
0.333300
1.000000
0.333300
0.333300
1.000000
1.000000
1.000000
0.333300
0.333300
0.333300
1.000000
1.000000
0.333300
0.333300
1.000000
1.000000
0.333300
0.333300
0.333300
1.000000
0.333300
0.333300
1.000000
1.000000
0.333300
0.333300
0.333300
1.000000
1.000000
1.000000
0.333300
0.333300
1.000000
1.000000
0.333300
0.333300
1.000000
1.000000
0.333300
0.333300
0.333300
1.000000
1.000000
0.333300
0.333300
0.333300
1.000000
1.000000
0.333300
0.333300
0.333300
1.000000
1.000000
0.333300
0.333300
1.000000
1.000000
0.333300
0.333300
0.333300
1.000000
1.000000
0.333300
0.333300
0.333300
1.000000
1.000000
0.333300
0.333300
1.000000
1.000000
0.333300
1.000000
1.000000
1.000000
0.333300
0.333300
0.333300
1.000000
1.000000
0.333300
0.333300
1.000000
1.000000
0.333300
1.000000
1.000000
1.000000
0.333300
0.333300
1.000000
1.000000
0.333300
0.333300
1.000000
1.000000
1.000000
1.000000
0.333300
0.333300
1.000000
1.000000
0.333300
0.333300
1.000000
1.000000
0.333300
0.333300
1.000000
1.000000
0.333300
0.333300
1.000000
1.000000
1.000000
0.333300
0.333300
1.000000
1.000000
0.333300
0.333300
1.000000
1.000000
0.333300
0.333300
1.000000
1.000000
1.000000
0.333300
0.333300
1.000000
1.000000
1.000000
0.333300
0.333300
1.000000
1.000000
0.333300
0.333300
1.000000
1.000000
0.333300
0.333300
0.333300
1.000000
1.000000
0.333300
0.333300
1.000000
1.000000
0.333300
0.333300
1.000000
1.000000
0.333300
0.333300
0.333300
1.000000
0.333300
0.333300
1.000000
1.000000
0.333300
0.333300
0.333300
1.000000
1.000000
1.000000
0.333300
0.333300
1.000000
1.000000
1.000000
0.333300
0.333300
1.000000
1.000000
1.000000
0.333300
0.333300
1.000000
1.000000
0.333300
0.333300
1.000000
1.000000
0.333300
0.333300
1.000000
1.000000
1.000000
0.333300
0.333300
1.000000
1.000000
0.333300
0.333300
1.000000
1.000000
0.333300
0.333300
0.333300
1.000000
1.000000
0.333300
0.333300
1.000000
1.000000
0.333300
0.333300
1.000000
1.000000
1.000000
0.333300
0.333300
0.333300
1.000000
1.000000
0.333300
0.333300
1.000000
1.000000
0.333300
0.333300
0.333300
1.000000
1.000000
0.333300
1.000000
1.000000
0.333300
0.333300
1.000000
1.000000
0.333300
0.333300
0.333300
1.000000
1.000000
0.333300
0.333300
0.333300
1.000000
1.000000
0.333300
0.333300
1.000000
1.000000
0.333300
0.333300
1.000000
1.000000
1.000000
0.333300
0.333300
1.000000
1.000000
0.333300
0.333300
1.000000
1.000000
0.333300
0.333300
1.000000
1.000000
0.333300
0.333300
1.000000
1.000000
0.333300
0.333300
0.333300
1.000000
1.000000
0.333300
0.333300
1.000000
1.000000
0.333300
0.333300
1.000000
1.000000
1.000000
0.333300
0.333300
0.333300
1.000000
1.000000
0.333300
0.333300
1.000000
1.000000
0.333300
0.333300
0.333300
1.000000
1.000000
0.333300
0.333300
1.000000
1.000000
0.333300
0.333300
1.000000
0.333300
0.333300
0.333300
1.000000
1.000000
0.333300
0.333300
1.000000
1.000000
0.333300
0.333300
0.333300
0.333300
1.000000
1.000000
0.333300
0.333300
1.000000
1.000000
0.333300
0.333300
1.000000
1.000000
0.333300
0.333300
0.333300
1.000000
1.000000
0.333300
0.333300
1.000000
0.333300
0.333300
1.000000
1.000000
0.333300
0.333300
0.333300
1.000000
1.000000
0.333300
0.333300
1.000000
1.000000
0.333300
0.333300
1.000000
1.000000
1.000000
1.000000
0.333300
0.333300
1.000000
1.000000
1.000000
0.333300
0.333300
1.000000
1.000000
1.000000
0.333300
0.333300
1.000000
1.000000
0.333300
0.333300
1.000000
1.000000
0.333300
0.333300
0.333300
1.000000
1.000000
0.333300
0.333300
1.000000
1.000000
0.333300
0.333300
0.333300
1.000000
1.000000
1.000000
0.333300
0.333300
1.000000
1.000000
0.333300
0.333300
1.000000
1.000000
0.333300
0.333300
1.000000
1.000000
0.333300
0.333300
1.000000
1.000000
0.333300
0.333300
1.000000
1.000000
0.333300
0.333300
0.333300
0.333300
1.000000
1.000000
0.333300
0.333300
1.000000
1.000000
0.333300
0.333300
1.000000
1.000000
1.000000
1.000000
0.333300
0.333300
1.000000
1.000000
1.000000
0.333300
0.333300
1.000000
1.000000
1.000000
0.333300
0.333300
1.000000
1.000000
0.333300
0.333300
1.000000
0.333300
0.333300
1.000000
1.000000
1.000000
0.333300
0.333300
0.333300
1.000000
1.000000
0.333300
0.333300
1.000000
1.000000
0.333300
0.333300
0.333300
1.000000
1.000000
0.333300
0.333300
1.000000
1.000000
0.333300
0.333300
1.000000
0.333300
0.333300
0.333300
1.000000
1.000000
0.333300
0.333300
0.333300
1.000000
1.000000
0.333300
0.333300
0.333300
1.000000
1.000000
0.333300
0.333300
1.000000
0.333300
0.333300
1.000000
1.000000
0.333300
0.333300
0.333300
1.000000
1.000000
0.333300
0.333300
1.000000
1.000000
0.333300
0.333300
1.000000
1.000000
1.000000
0.333300
0.333300
0.333300
1.000000
1.000000
0.333300
0.333300
1.000000
0.333300
0.333300
1.000000
1.000000
1.000000
0.333300
0.333300
1.000000
1.000000
0.333300
0.333300
0.333300
1.000000
1.000000
0.333300
0.333300
0.333300
1.000000
0.333300
0.333300
1.000000
1.000000
0.333300
0.333300
1.000000
1.000000
1.000000
0.333300
0.333300
1.000000
1.000000
0.333300
0.333300
1.000000
1.000000
0.333300
1.000000
1.000000
0.333300
0.333300
1.000000
1.000000
0.333300
0.333300
0.333300
1.000000
1.000000
0.333300
0.333300
0.333300
1.000000
1.000000
0.333300
0.333300
1.000000
1.000000
0.333300
0.333300
1.000000
1.000000
0.333300
0.333300
1.000000
1.000000
0.333300
0.333300
1.000000
1.000000
0.333300
0.333300
1.000000
1.000000
1.000000
0.333300
0.333300
0.333300
1.000000
1.000000
0.333300
0.333300
1.000000
0.333300
0.333300
1.000000
1.000000
1.000000
0.333300
0.333300
0.333300
1.000000
1.000000
0.333300
0.333300
1.000000
1.000000
0.333300
0.333300
0.333300
1.000000
0.333300
1.000000
1.000000
0.333300
0.333300
1.000000
1.000000
0.333300
1.000000
1.000000
1.000000
0.333300
0.333300
0.333300
1.000000
1.000000
0.333300
0.333300
1.000000
1.000000
1.000000
0.333300
0.333300
1.000000
1.000000
0.333300
1.000000
1.000000
0.333300
0.333300
1.000000
1.000000
1.000000
0.333300
0.333300
1.000000
1.000000
0.333300
0.333300
1.000000
1.000000
0.333300
0.333300
0.333300
1.000000
1.000000
1.000000
0.333300
0.333300
1.000000
1.000000
0.333300
1.000000
1.000000
1.000000
0.333300
0.333300
0.333300
1.000000
1.000000
0.333300
0.333300
1.000000
0.333300
1.000000
1.000000
1.000000
0.333300
0.333300
1.000000
1.000000
0.333300
0.333300
1.000000
1.000000
0.333300
0.333300
1.000000
1.000000
1.000000
0.333300
1.000000
1.000000
0.333300
0.333300
1.000000
1.000000
0.333300
0.333300
0.333300
1.000000
1.000000
0.333300
0.333300
0.333300
1.000000
1.000000
0.333300
0.333300
1.000000
1.000000
1.000000
0.333300
0.333300
1.000000
1.000000
0.333300
0.333300
1.000000
1.000000
0.333300
0.333300
1.000000
1.000000
0.333300
0.333300
1.000000
1.000000
0.333300
0.333300
0.333300
1.000000
1.000000
0.333300
0.333300
0.333300
1.000000
1.000000
0.333300
0.333300
1.000000
1.000000
0.333300
0.333300
1.000000
1.000000
1.000000
0.333300
0.333300
1.000000
1.000000
0.333300
0.333300
1.000000
1.000000
0.333300
1.000000
1.000000
1.000000
0.333300
0.333300
1.000000
1.000000
0.333300
0.333300
1.000000
1.000000
1.000000
1.000000
0.333300
0.333300
1.000000
1.000000
0.333300
0.333300
1.000000
1.000000
0.333300
0.333300
1.000000
1.000000
0.333300
0.333300
1.000000
1.000000
1.000000
0.333300
0.333300
1.000000
1.000000
0.333300
0.333300
1.000000
1.000000
0.333300
0.333300
1.000000
1.000000
1.000000
0.333300
0.333300
1.000000
1.000000
0.333300
0.333300
1.000000
1.000000
0.333300
0.333300
1.000000
1.000000
0.333300
0.333300
1.000000
1.000000
1.000000
0.333300
0.333300
1.000000
1.000000
0.333300
0.333300
1.000000
1.000000
0.333300
0.333300
0.333300
1.000000
1.000000
0.333300
0.333300
0.333300
1.000000
1.000000
0.333300
0.333300
1.000000
1.000000
1.000000
0.333300
0.333300
1.000000
1.000000
0.333300
0.333300
1.000000
1.000000
0.333300
0.333300
0.333300
1.000000
1.000000
0.333300
0.333300
1.000000
1.000000
0.333300
0.333300
1.000000
1.000000
1.000000
1.000000
1.000000
0.333300
0.333300
1.000000
1.000000
0.333300
0.333300
1.000000
1.000000
0.333300
0.333300
0.333300
1.000000
1.000000
0.333300
0.333300
1.000000
1.000000
0.333300
0.333300
1.000000
1.000000
0.333300
0.333300
1.000000
1.000000
0.333300
0.333300
1.000000
1.000000
0.333300
0.333300
1.000000
1.000000
1.000000
0.333300
0.333300
1.000000
1.000000
0.333300
0.333300
1.000000
1.000000
1.000000
0.333300
0.333300
0.333300
1.000000
0.333300
0.333300
1.000000
1.000000
0.333300
0.333300
1.000000
1.000000
0.333300
0.333300
0.333300
1.000000
1.000000
0.333300
0.333300
1.000000
1.000000
0.333300
0.333300
0.333300
1.000000
1.000000
1.000000
0.333300
0.333300
1.000000
0.333300
0.333300
1.000000
1.000000
0.333300
0.333300
0.333300
0.333300
1.000000
1.000000
0.333300
0.333300
1.000000
1.000000
0.333300
0.333300
1.000000
1.000000
1.000000
0.333300
0.333300
1.000000
1.000000
0.333300
0.333300
1.000000
1.000000
0.333300
0.333300
1.000000
1.000000
1.000000
0.333300
0.333300
1.000000
1.000000
0.333300
0.333300
1.000000
1.000000
0.333300
0.333300
0.333300
1.000000
1.000000
0.333300
0.333300
1.000000
1.000000
0.333300
1.000000
1.000000
0.333300
0.333300
0.333300
1.000000
1.000000
0.333300
0.333300
1.000000
1.000000
0.333300
0.333300
1.000000
1.000000
1.000000
0.333300
0.333300
1.000000
1.000000
1.000000
0.333300
0.333300
1.000000
1.000000
0.333300
0.333300
0.333300
1.000000
1.000000
0.333300
1.000000
1.000000
0.333300
0.333300
1.000000
1.000000
1.000000
1.000000
0.333300
0.333300
1.000000
1.000000
0.333300
0.333300
1.000000
1.000000
0.333300
0.333300
1.000000
1.000000
0.333300
0.333300
1.000000
1.000000
0.333300
0.333300
1.000000
1.000000
0.333300
0.333300
0.333300
1.000000
1.000000
0.333300
0.333300
1.000000
1.000000
1.000000
0.333300
0.333300
1.000000
1.000000
1.000000
0.333300
1.000000
1.000000
0.333300
0.333300
1.000000
1.000000
1.000000
0.333300
0.333300
0.333300
1.000000
1.000000
0.333300
1.000000
1.000000
0.333300
0.333300
1.000000
1.000000
1.000000
1.000000
0.333300
0.333300
1.000000
1.000000
0.333300
0.333300
1.000000
1.000000
0.333300
0.333300
1.000000
1.000000
1.000000
0.333300
0.333300
1.000000
1.000000
0.333300
0.333300
1.000000
1.000000
0.333300
0.333300
0.333300
1.000000
1.000000
0.333300
0.333300
1.000000
1.000000
1.000000
0.333300
0.333300
1.000000
1.000000
1.000000
0.333300
0.333300
1.000000
1.000000
0.333300
0.333300
1.000000
1.000000
0.333300
0.333300
0.333300
1.000000
1.000000
