82.143904
43.005657
79.006398
219.572286
11.592350
57.533085
50.621955
154.426079
214.108312
224.784270
108.863128
193.701441
96.172875
83.577259
180.190181
87.905597
27.272845
216.976834
73.261663
122.787330
176.362909
63.988293
87.319141
71.343186
43.980149
93.982522
100.771852
55.400389
153.859981
239.498249
109.259797
87.349115
105.371873
109.160277
102.810845
97.436358
156.066460
134.756760
51.355820
71.900276
134.449288
101.785876
74.304355
187.301868
32.633023
38.379450
83.617266
217.758167
130.339098
84.596200
117.865518
66.177790
111.980742
83.463934
181.111868
35.949084
25.791599
81.312907
123.611111
48.563357
68.004987
24.019021
116.043819
72.803475
108.154455
86.568257
110.147818
99.643580
64.452835
67.979759
83.418197
85.973914
88.345376
66.947718
66.569761
33.013424
78.845169
27.011698
54.174702
41.721996
23.372049
78.972702
79.888078
57.986810
109.628172
37.270324
60.800109
62.018062
97.543711
70.754127
39.473295
55.065637
46.668478
70.307120
31.813398
59.665366
27.267293
61.884533
44.856554
36.573125
43.617587
63.356516
50.606836
10.212549
41.833508
82.665221
43.102903
62.673087
133.504381
69.256164
47.263244
55.435477
29.749090
60.212448
40.339612
37.768212
93.607352
45.558886
36.881548
53.044492
55.852187
46.082441
2.483167
17.442501
49.982646
6.244823
36.892173
50.675066
34.714814
63.899769
85.716457
43.415501
60.147021
47.009780
39.412059
21.480074
11.117889
38.207407
40.700274
45.422958
51.902692
11.678758
63.527410
8.739746
72.673570
34.798535
14.371445
9.550196
61.068058
52.254164
29.092319
61.529928
47.064670
79.181450
26.543873
42.806710
23.614766
46.460660
14.247363
12.416253
36.645331
97.473303
11.946499
17.342627
9.797794
28.696003
39.508424
12.234067
32.287134
33.401081
44.759934
38.170066
25.879740
53.197790
43.631628
34.082197
31.646736
30.980615
91.422942
68.356095
30.212422
62.780906
23.184205
36.901628
40.132228
44.529267
48.399946
33.285001
13.051709
11.298836
64.966954
58.209969
56.214644
23.439433
56.266906
64.111126
53.429107
41.587212
21.275792
36.634165
27.097895
58.692653
18.873668
68.725570
47.112103
20.774693
24.975831
17.695778
28.770462
30.729732
41.455792
35.153205
27.902251
32.979063
28.375225
55.272979
54.575440
34.028272
37.948964
47.982804
42.371010
48.103367
16.208762
59.950033
30.066845
27.730669
63.121109
88.017576
7.049434
14.503346
41.744968
41.704638
36.150613
51.704748
36.982685
61.169729
9.745676
43.998231
24.215112
20.278399
13.926986
68.899622
11.452563
55.153636
23.624940
52.796684
42.717597
10.027884
49.560504
37.500807
22.714753
33.080638
34.009436
31.297738
61.385412
13.226310
54.717788
9.254389
63.572851
36.038494
29.192895
10.958883
42.941292
33.897995
31.923214
13.158370
96.928675
52.101426
24.671919
52.920467
3.457383
29.482643
33.351084
45.804567
25.056968
41.867719
44.532805
11.493225
19.715277
39.719530
25.131924
58.325208
38.403611
22.941819
22.071079
16.668315
40.796729
66.708000
25.013889
7.565982
70.019383
23.685286
17.911904
30.490983
19.150852
7.912846
31.246530
25.298485
14.303664
39.541826
44.371094
39.602585
34.265153
42.568931
65.250287
24.701797
57.872819
1.247859
18.174825
12.716891
19.987196
12.999714
11.443144
23.679838
17.189880
34.115934
3.357334
37.092008
11.684253
34.195610
18.721969
21.028554
18.176569
15.041379
9.035307
27.801329
4.956512
64.435130
21.782698
16.513794
63.570534
65.550816
41.626270
27.636407
27.830499
31.654227
30.351691
9.253696
37.036390
42.086823
17.707781
64.637829
10.945030
39.656089
79.438429
22.548236
24.082401
22.152137
30.097402
27.070012
21.068175
38.573292
22.185156
33.392814
31.878566
4.678642
28.291572
27.464073
16.981959
42.857990
78.055803
24.791032
33.874724
21.513346
33.645340
43.851462
26.857198
34.124142
12.141217
27.617578
31.784351
24.751586
23.387523
8.988745
25.332059
33.823378
13.983939
38.047454
19.172194
19.662341
18.945935
40.472749
22.058091
13.057915
44.534036
12.617483
43.101660
9.287256
22.059349
9.714708
18.891906
2.910757
11.590924
9.736408
11.075502
9.215783
11.175875
14.744751
9.880519
41.641527
52.507649
27.841015
71.250587
43.266276
27.078080
13.242100
18.703856
14.538118
19.605470
29.219887
32.297241
13.060976
11.478045
19.384898
28.003393
13.967947
28.716854
7.058280
24.055327
37.803762
24.832722
35.043303
29.126241
18.648792
19.474228
25.178370
8.008875
20.916732
3.386730
19.836426
10.809655
12.615899
19.839128
5.228326
19.201093
15.207534
22.072396
24.641933
25.293062
34.137628
20.245072
19.966193
10.981949
33.399972
7.693570
17.687280
29.494392
8.108756
27.151130
47.868389
0.628342
19.738278
30.315124
29.032031
29.819495
17.677911
15.770693
31.375562
25.825050
27.341792
14.148182
37.320945
26.004448
17.809046
23.090300
10.294056
17.715979
23.973325
35.668498
35.912317
35.794683
40.416914
19.508495
12.416334
32.442727
18.983381
18.962388
29.917237
19.184605
6.887941
15.868925
20.196602
23.991678
19.123179
46.278300
10.789808
35.274767
14.019905
35.932126
24.543415
4.931730
16.385013
31.053845
8.200263
12.348581
16.294619
23.907351
7.563821
26.252429
13.371770
39.282542
24.097493
20.457041
22.571807
12.316725
26.594560
29.540911
19.049284
27.851809
29.198965
9.747255
16.824837
7.905216
28.341585
8.505020
16.500034
21.795162
19.853596
11.074877
4.941498
18.513222
36.039127
9.519965
5.211279
12.616289
26.987411
16.373682
32.136766
26.294365
25.292265
7.354666
29.634023
8.917528
19.544837
14.962159
8.574042
4.071085
28.670830
18.004855
17.420495
24.820189
18.645725
20.552212
33.849786
15.655691
25.304757
3.237193
12.936303
14.891185
5.607219
33.018717
11.129368
12.463650
22.108443
13.585675
3.886539
19.170988
5.122731
5.008040
8.593262
14.939562
31.770019
9.156733
17.412941
8.363291
11.010104
13.549337
7.022427
12.458275
18.503873
18.410108
4.262958
22.143469
19.026513
15.003405
26.258880
23.778045
19.361683
22.018410
21.054134
19.450728
20.379179
28.135586
15.614358
17.492034
17.676222
10.363263
12.605543
5.541337
11.880014
24.350487
8.109043
10.181775
5.396300
16.720243
4.346017
32.802617
6.709444
10.416591
19.753157
12.297252
18.617137
6.535656
19.917280
14.999398
10.347315
15.161876
17.426413
17.902693
22.589616
6.591350
25.141053
12.596902
11.743407
4.420379
20.581691
19.146662
7.240959
17.598576
9.123596
15.093153
8.238170
20.780862
9.395139
14.151997
18.383867
7.942522
17.320445
10.933465
11.869530
19.713773
20.944306
2.042906
2.556739
11.952909
4.484946
8.598142
11.240832
11.605121
15.954779
10.507441
10.893152
12.247087
8.980651
19.780762
8.934784
10.529608
14.597478
20.450567
10.192781
26.167039
17.454602
27.259568
20.526528
8.803159
14.629031
27.366287
15.310221
28.663680
3.843828
14.576590
9.559670
5.776414
8.455673
19.643072
1.054260
9.083331
7.231072
8.185801
8.145665
17.690758
13.911307
7.756038
15.517481
10.783834
0.385257
4.371139
17.800569
14.727156
8.918507
3.916086
14.472556
7.562719
5.979470
14.109533
10.621160
15.409235
4.789535
11.986718
11.148146
13.392685
10.420455
13.998798
6.847167
9.196793
7.928812
21.876203
12.420463
13.229000
14.469663
12.827156
14.201393
7.227578
8.719614
9.555228
14.543017
3.403583
7.026987
8.310221
19.807712
4.271561
4.224061
17.748353
5.708221
16.663421
4.203714
10.028913
15.326816
16.909491
3.861820
7.827112
8.518745
7.750579
10.077589
10.112149
19.181984
19.324261
22.714549
8.783206
10.989006
12.550053
3.076709
9.095178
14.041882
7.074645
6.723584
7.828231
5.846991
7.156691
12.480829
8.248634
4.179266
6.502278
4.475941
5.320579
15.461635
2.318190
17.222742
4.975055
10.267287
2.845654
5.801643
5.965700
3.462435
7.707689
7.245457
7.167590
6.052575
21.370990
1.000413
11.306824
4.490438
2.363029
5.697196
9.389770
8.412689
8.042925
8.811287
7.651035
2.115707
7.655059
10.532152
3.691713
1.011456
11.676586
2.810539
4.149076
3.564016
10.235496
6.268102
1.681732
13.250179
6.181006
8.663404
3.757583
4.530245
4.504128
9.494024
7.521514
3.187313
4.582606
1.499035
5.447049
5.095993
2.954023
6.565977
8.798008
0.919628
4.464426
9.464902
6.743165
7.886281
8.254504
4.430188
6.926122
9.400731
3.390267
4.044219
8.188992
6.456819
6.974691
3.106362
3.323565
4.092892
5.688257
2.869102
4.152878
6.658144
6.148465
5.412654
12.025879
9.236837
7.002876
2.858974
10.741762
3.711374
6.703869
8.089517
3.595013
1.397032
2.984413
5.488182
7.287721
6.182895
3.735109
2.304897
4.389981
2.639065
0.615700
9.312847
5.987048
1.328649
6.570659
3.452890
7.122409
5.702940
4.332956
5.878111
7.394378
6.907559
7.282618
1.835821
0.999954
2.055773
2.595938
3.935818
1.478461
2.626941
1.035706
4.407519
4.312198
1.221664
4.800012
1.389943
2.219560
2.832059
4.276684
2.958884
5.976603
4.162310
4.688249
3.743608
3.462549
4.240584
6.187400
2.125125
3.048153
3.270076
1.658023
2.911527
4.216303
1.031860
3.942025
6.312120
0.963697
3.159580
5.226085
5.760973
4.201125
6.750025
0.258424
5.969595
3.546613
3.250237
1.926242
1.177462
5.089972
2.323234
0.394891
0.447298
3.880350
0.733152
2.696983
3.541513
3.534148
1.996560
5.601193
0.777960
7.651241
1.081658
3.180534
2.291050
2.363566
1.719174
2.835204
2.203176
3.439565
3.244907
1.791446
0.700298
1.816095
2.174879
3.042798
1.164185
2.489203
1.240527
3.187120
2.514793
1.534501
2.039320
1.211287
1.713636
3.050294
0.793995
0.726569
3.764702
1.561162
2.717508
4.431889
2.812198
3.675020
6.584353
1.804591
3.046574
2.599843
3.487987
3.457852
2.870516
0.715058
4.142028
4.100509
3.031347
1.029509
1.087397
2.048717
1.287345
0.825062
3.871777
0.965847
1.625960
1.413033
2.181427
2.802269
0.763229
4.536208
1.171269
3.763854
1.564321
4.260716
4.171206
1.809209
0.372874
0.327881
2.017468
0.942828
1.325514
2.048358
3.155436
2.078275
2.173764
1.651196
3.360408
2.684686
3.025868
1.762937
1.171893
3.130314
1.502031
2.637128
1.818786
2.272653
1.856151
0.577716
0.529827
3.671798
1.384090
2.225542
2.865761
1.009187
2.291089
0.925933
1.767358
2.199617
1.667740
2.654613
0.882237
3.098378
1.027306
1.882395
2.107593
1.660980
1.055570
1.554048
1.172581
1.319249
0.808560
1.640625
0.420352
3.414189
2.978731
1.066146
1.227907
1.504250
3.036170
0.873725
1.270589
2.095200
1.858165
2.155345
1.899681
0.510856
1.698320
2.043577
1.457021
1.896582
2.026091
2.211488
1.621307
2.915164
1.938057
1.414218
1.429844
1.844134
1.721271
0.748251
2.078536
2.047027
1.699409
2.254486
1.758543
3.071141
2.099225
1.692280
1.031481
1.904972
2.174358
1.068101
1.168988
2.263335
2.352054
1.747469
1.980937
2.391810
1.029490
0.371479
0.957173
2.292191
1.656029
1.165796
3.074297
2.099465
0.468760
1.453475
2.691722
0.765232
1.141099
0.522533
1.936467
1.583176
2.117217
2.489141
2.025343
1.964730
0.796294
1.632656
1.139297
2.509597
1.286522
0.895470
0.546803
5.457079
2.451520
1.595730
1.055492
0.696847
1.850242
1.164319
0.613742
4.295238
0.260749
0.655217
1.264970
2.126233
0.797049
2.751983
0.110872
1.367494
0.082890
1.645201
1.198544
2.407495
1.515404
1.964723
0.664260
1.785754
2.480776
2.145369
1.833157
1.722913
1.350271
1.034501
1.116187
1.294110
2.266272
0.700254
0.639855
0.894592
2.179790
1.580574
2.584241
1.141643
1.031061
2.431324
2.447317
0.771222
2.676013
0.632901
0.932458
1.450452
1.362840
1.777947
0.027447
0.394834
3.154107
1.022366
1.656966
0.981247
1.780981
0.276688
0.341821
1.566500
2.874624
0.708759
1.045831
2.031449
0.871143
1.468666
1.644553
0.474366
2.414219
0.614223
1.386374
2.556736
0.503336
2.096841
2.212096
1.172107
1.878924
1.280188
2.139695
0.846882
0.752333
2.183720
0.648401
1.912328
0.672014
2.342497
2.596998
1.401496
1.011409
1.913415
4.024486
1.472065
1.859419
1.078677
1.051393
1.873581
1.051583
0.553490
0.734237
1.776763
1.733122
4.394344
1.039588
2.318032
2.062093
1.636134
1.325756
0.721241
0.508938
1.420666
0.478672
2.418116
1.052156
0.821187
2.009622
1.010998
2.539100
1.308016
3.391697
0.867723
1.137835
0.425063
1.599218
0.234929
0.265417
0.472824
1.054033
2.001511
1.558488
0.238636
1.454865
2.129255
0.953252
2.199081
1.428146
2.349837
4.120606
0.732613
1.353485
1.840774
2.963025
1.094725
1.702828
1.181020
1.899827
1.173962
4.179266
0.949059
1.651104
1.848809
1.196701
0.462441
2.492548
4.092944
0.636870
3.477652
1.800454
2.410593
1.148434
2.040354
3.557072
2.302105
0.307933
3.116931
1.289430
0.279733
1.069222
0.187666
3.244942
2.161339
0.453115
3.443062
2.674317
1.245748
1.860338
0.795357
1.904065
2.716783
1.723120
0.858049
2.038114
1.621498
0.859955
2.210402
3.783234
0.543139
2.857279
2.025296
1.068715
0.786593
1.465224
1.863135
1.053831
0.868186
1.822356
3.077366
2.068485
2.296601
1.330487
1.987925
0.746073
1.345613
2.387283
2.234874
1.444452
2.617990
0.512692
4.379023
1.025514
2.869222
3.936358
0.195365
2.056677
1.752221
0.321136
2.274392
1.048128
3.043843
3.748528
1.359036
0.836285
0.861791
4.236926
2.081950
4.127195
1.827615
3.247659
2.221461
2.762116
2.599669
2.317418
1.987542
3.135180
3.592109
2.744135
1.914518
3.057117
4.346275
3.180028
3.228767
3.842316
1.956550
3.587834
2.657588
4.233015
4.945275
4.761360
1.654010
0.882737
3.592216
1.894303
7.005695
1.759291
2.912936
2.531468
2.879502
5.195858
3.157278
4.193752
3.351189
2.618445
5.899169
3.617429
3.075795
4.060310
2.990566
2.663719
2.953693
5.046135
5.108496
1.507985
8.010213
3.443165
0.946247
6.919635
4.981341
2.280832
3.074897
2.216153
4.692464
0.717899
2.200311
4.572436
1.289764
4.832064
4.912586
4.258627
3.847788
4.402419
4.758956
1.209403
5.446114
1.434167
7.018101
4.042984
3.844068
1.182980
2.629397
1.997157
2.939087
3.901682
5.492470
3.923217
1.445721
1.588423
7.141929
10.510582
5.996333
4.763693
2.773346
1.499623
2.405060
5.462693
5.211610
2.133348
0.758629
5.306055
1.806999
2.473581
1.732451
2.763516
2.705694
5.133837
5.279619
4.418364
6.927421
5.934209
2.898127
1.247719
7.698871
0.681633
0.906461
1.331747
3.554520
5.416981
2.782483
1.728473
2.749565
3.507771
2.567037
2.700969
1.726975
6.068696
2.659071
3.137005
1.541467
5.867655
5.941662
1.162910
4.946360
4.175503
1.035413
2.362329
5.062651
3.306420
0.400303
4.205684
1.835154
2.050899
3.028506
4.756203
0.972152
8.800261
1.572508
3.508663
3.127215
3.455790
1.023254
3.881522
2.317045
6.630743
5.296338
1.435059
3.139446
4.371045
1.516887
3.676993
4.101238
3.456713
3.700511
3.100996
3.125227
1.841663
4.372977
5.140541
3.441018
3.809341
1.471245
4.346207
0.991324
0.741724
1.514677
1.050479
1.674191
1.629391
2.553697
4.125691
0.799014
1.081428
0.331753
2.224750
4.492331
1.655182
6.695881
5.707483
5.028563
0.878230
3.607973
1.217618
7.269260
2.637161
3.525500
5.244964
6.700230
6.926327
2.115190
0.729811
4.396606
1.341132
2.145909
4.219534
5.585580
2.257672
3.603850
2.131351
3.661264
3.099068
2.573277
3.242404
4.376929
2.323646
2.068277
1.943349
1.492943
2.634043
7.345430
5.011682
3.083340
1.662918
4.426997
3.683384
5.526358
6.764411
1.821290
4.822393
1.082616
1.463985
6.141372
6.553832
4.951885
0.392473
3.275146
1.380349
5.005804
7.394801
4.207492
3.351633
1.124266
2.167575
4.576835
2.532848
0.829467
2.191691
1.755726
3.930822
4.022278
2.209506
4.953804
3.742858
7.183013
4.734840
2.472167
0.696885
3.802875
3.349399
2.846495
6.400202
3.780982
2.271382
2.191771
2.090582
6.279728
4.555661
4.685446
2.222198
2.797940
9.320574
5.675678
3.265410
3.064241
5.477719
2.518038
4.256762
3.418518
1.315646
4.039618
2.673389
0.626778
5.430375
2.480948
4.734801
3.268253
2.893451
3.646295
2.598811
0.781401
2.700263
6.047680
2.646492
4.072856
1.569579
2.885834
1.342142
2.645130
1.536740
2.551532
9.315944
3.572882
7.321231
5.382012
3.903025
4.556941
2.524102
5.995703
4.065043
4.934885
2.481534
3.766606
3.020924
1.548438
2.823536
6.268500
0.907386
0.655036
4.845014
1.146645
4.408705
2.727256
1.369495
2.705685
4.034591
5.283558
0.736578
2.978704
6.836477
1.393697
7.116150
2.205887
7.117633
7.076692
3.947249
4.521606
6.308053
4.394925
1.685697
3.212032
3.564228
4.327585
4.950792
3.301929
1.742875
5.400151
0.855658
1.919315
2.952553
2.125671
2.715845
3.961910
2.310802
2.050465
4.462916
9.985897
4.260074
4.068069
1.921466
3.825090
8.450615
2.769923
2.089786
3.589397
6.396462
2.187676
5.771660
6.303728
2.751734
3.859144
3.725040
4.810200
3.815094
3.135094
3.420540
5.624668
1.325206
5.377327
3.266197
3.083679
5.185006
2.249722
5.828120
3.497618
6.068883
2.803836
1.374423
0.977272
3.868197
1.895304
3.809450
4.315617
1.775198
0.336403
1.916407
2.360558
4.387416
0.903239
2.866097
0.439240
2.825927
1.406036
3.157450
3.050420
6.215244
3.891248
0.999422
4.246581
0.452566
3.599782
1.547665
2.180629
0.993360
5.044048
3.248239
0.599997
2.642893
1.972891
1.857496
1.008491
3.126280
3.795301
4.049661
0.269129
3.085866
4.752270
4.277734
2.750182
1.004176
4.171148
2.462490
1.542181
2.872441
2.145913
2.911801
1.413028
2.778499
2.745618
3.200054
2.225969
1.421106
2.980128
2.376899
3.854713
6.270247
1.684155
2.560870
3.870554
0.953266
1.929511
0.716674
2.270088
3.387008
5.236875
3.536315
1.962670
6.503585
1.332552
5.588434
1.732222
2.377369
3.500706
4.457423
4.740324
2.425134
3.769897
0.919542
0.876397
2.566895
5.046443
1.916612
3.424735
2.579204
2.765611
4.258325
5.182097
6.930250
2.871713
5.874996
1.389661
2.063252
2.904228
0.721403
1.941460
5.879328
4.572502
3.760934
3.363328
0.279779
2.263882
4.006942
1.708534
1.025620
1.120031
3.871559
4.252995
3.462216
1.378324
0.962422
4.695214
4.023562
2.443030
3.817172
3.647371
1.015181
1.628290
3.303602
4.678349
4.224076
2.694513
2.846636
1.423792
1.694025
4.575178
3.508332
3.399200
1.633234
1.895266
2.069210
1.254467
2.302056
2.227900
2.624193
2.570396
3.457218
3.656098
1.746046
0.338473
2.525033
2.006505
1.189936
3.936547
2.284977
8.740602
2.543576
4.300938
1.323807
1.438654
1.735865
2.974729
3.928183
1.575825
0.888410
1.488189
294.495404
4.694801
5.719646
3.288442
3.488217
6.628992
0.797543
3.410296
2.148038
1.579564
4.675804
4.411993
3.198765
0.675640
3.147456
2.899617
5.094075
2.294888
1.693823
3.117201
3.500784
1.667345
0.405900
2.181435
1.185038
0.871363
4.827691
3.886179
3.992336
3.394946
1.533608
2.856965
2.678250
1.598106
2.803046
2.471565
3.299296
1.874615
2.397719
3.187839
7.103642
1.420023
1.370684
0.495620
2.264054
3.440451
4.220692
0.876604
2.384435
3.841737
2.423268
2.270444
3.628504
0.816050
1.596085
1.655446
2.782347
3.631545
3.599007
2.583459
1.690519
1.495907
2.983826
2.970876
1.615175
1.856491
1.504196
3.628765
4.491165
3.481062
1.994022
3.030005
4.450114
1.658625
3.629745
1.088361
2.669626
4.609415
4.846458
0.517410
3.568686
2.402282
0.637642
1.989132
2.288108
6.649303
3.263855
1.163072
2.080729
3.608069
2.076991
3.020563
6.816687
1.199482
1.381820
0.797799
3.648412
2.776178
2.243564
2.015243
3.012663
2.475748
3.793361
4.850113
2.932339
1.573356
1.637974
3.118103
0.099554
3.345058
3.616808
0.231068
0.951744
3.298408
1.880309
1.081412
2.421023
1.205424
3.439134
5.603405
2.446135
3.133533
3.653511
0.341651
2.230437
0.985773
4.844633
4.639911
2.294213
3.635116
2.396952
3.580293
5.775769
0.097582
1.810228
0.280840
0.425968
3.134386
2.425802
2.379631
1.653775
1.593116
1.342918
0.348075
2.126154
1.093796
2.324456
2.765769
1.742944
1.080575
1.733133
2.149721
3.485311
1.794068
0.487278
2.591821
0.998154
1.945268
3.074148
1.719447
3.328147
2.002257
0.946051
1.988634
3.839110
1.516170
2.941193
0.894908
4.621297
1.162790
1.373943
1.094245
1.572818
2.655652
2.685227
0.633149
1.162278
0.959282
3.275170
0.517470
2.011539
1.642777
3.770447
3.410994
1.335973
0.847798
2.554398
1.344464
0.363106
1.592726
2.113354
1.072904
0.750088
0.853502
1.033151
2.462460
2.319308
0.838492
1.147637
2.094202
0.820585
2.731952
3.930471
1.986284
0.676041
1.691309
0.272029
1.993739
2.292725
1.881157
2.273535
2.261912
5.580843
2.539964
2.567316
3.246836
3.754038
2.121493
1.534115
1.365721
1.985128
2.718941
0.588770
1.188177
1.440543
0.316384
2.230535
3.480136
1.859606
1.831457
1.825301
1.609150
0.216613
1.067332
2.301553
1.981209
2.295069
1.703743
3.086510
0.958510
3.586000
5.690317
3.564308
2.442276
3.197511
3.099153
0.468541
1.424320
1.508567
1.456592
1.408659
3.104542
2.407608
3.088018
0.888580
1.068727
0.729359
2.539205
1.261253
2.391538
1.121585
0.515033
2.252988
0.482382
2.195611
0.453057
1.526213
0.690981
0.990978
1.519026
0.686474
0.981419
3.209518
2.848731
5.292835
2.063930
0.426985
2.308194
1.691139
2.464861
2.919461
1.226052
1.987392
1.090452
4.252028
0.905524
1.465470
2.364497
0.783220
1.023472
1.693658
2.134952
1.173219
2.117968
1.602058
3.136190
0.672983
0.936878
0.373396
3.279381
0.493086
2.481622
0.764966
0.843835
2.046512
3.756849
0.322204
0.201415
2.033061
1.050921
0.214011
1.216762
1.220968
0.879716
1.717517
0.691057
1.982416
3.482665
1.317756
1.786852
0.933649
1.434335
1.150977
1.816636
2.128120
3.234419
2.142492
2.113391
1.848873
0.879207
0.387380
1.990853
1.516060
1.702936
0.918451
0.671419
1.664678
2.158978
0.624270
1.801075
0.967899
1.019909
0.759903
2.856000
0.768977
0.895178
3.488025
3.121671
1.534735
2.638746
0.528116
2.151991
1.223133
2.548101
1.673119
0.989602
2.083847
3.381635
0.964727
2.489178
0.340182
2.124326
1.443331
0.645259
1.611199
3.103887
1.693905
0.671220
0.405311
1.706592
2.642612
1.878874
0.685859
1.215188
0.468775
1.026195
1.068675
1.501913
1.165116
1.711081
1.898020
1.625869
1.224457
1.633978
1.073099
1.251372
2.475898
2.448341
2.251496
3.166754
3.134904
2.519213
2.151538
1.127376
1.184458
1.283335
1.328643
0.488056
3.001922
2.254811
3.110706
2.932099
2.330373
1.630729
2.287693
0.554711
1.054752
1.523810
1.589850
1.374850
3.201377
2.548502
1.614535
2.975715
1.340347
1.557992
1.268090
1.110336
1.174109
1.888934
2.495282
1.270358
1.359304
1.503628
1.811829
1.940357
4.532539
2.149279
3.184886
3.148139
0.980578
3.227078
1.747169
1.632605
1.955566
3.207266
3.492037
3.039182
0.887011
0.603568
1.772444
0.805447
2.018439
3.329709
4.085432
2.231665
0.600362
3.641782
3.118866
0.930281
1.675177
2.605229
1.680192
3.256556
6.371564
3.919681
2.274848
2.005776
2.301102
1.094795
1.675413
1.841057
1.223068
3.415566
1.830210
2.303068
2.500843
6.007302
1.278398
2.236384
0.526196
3.024722
4.487667
3.217066
3.526237
2.306333
3.679213
2.019491
2.547497
0.819692
0.510369
3.905577
2.872172
2.131754
1.401908
3.253490
2.609655
0.609739
4.466848
4.372979
1.928876
2.455298
3.233292
2.350344
2.994638
2.241296
0.856301
1.248090
2.430088
4.033663
1.350636
2.208649
3.041623
2.394172
3.462197
1.512265
2.780440
2.640578
3.074061
3.660364
0.328014
2.106613
1.766202
0.798023
2.982102
1.979100
2.417893
2.267310
2.248950
0.965245
2.298883
3.073149
2.049995
3.629568
2.863697
1.354676
3.063594
3.063791
2.649125
1.196373
0.665726
1.482523
2.494497
2.407286
3.117107
0.539999
2.668151
1.600684
1.780241
1.525093
1.087755
1.238742
3.330360
1.513789
1.126092
1.003069
0.751334
1.643799
0.955893
0.410381
1.562319
1.372495
1.933340
1.717415
0.822743
2.304089
1.924264
2.028901
0.377443
0.854417
1.386606
1.904676
2.067348
1.204534
1.604908
1.607441
1.597164
0.945267
0.772923
0.828509
1.266530
0.625439
0.948141
1.005874
1.993972
0.757045
2.640167
2.252185
0.292843
0.524412
0.740962
0.123569
1.729875
3.187878
0.563809
1.335799
0.184146
0.291433
2.747518
3.434500
0.658113
1.359623
1.803000
0.513508
0.560742
0.963886
1.304870
2.308322
1.938589
1.292841
3.590222
1.216512
1.091070
2.020081
0.302103
2.651488
1.303518
2.040323
2.328685
1.612976
0.824897
1.651711
1.391056
0.229752
4.172889
1.616833
3.216131
0.120942
1.084784
1.069257
1.418157
2.021821
1.749603
2.259190
4.407276
3.269650
1.889049
2.212456
1.646283
1.445929
1.618106
0.985867
1.260207
1.346541
1.155421
0.980755
1.090236
0.469419
1.520778
0.276826
0.917436
0.335967
4.100936
2.635268
1.351372
0.542299
0.990053
0.997791
1.713295
2.527093
1.628841
2.244331
1.311256
0.680780
2.293228
1.811881
1.798510
3.504405
0.460392
2.670913
2.811372
1.853648
2.990041
0.609101
1.788960
2.820559
2.601056
3.074391
3.233735
2.722879
2.252140
1.441986
1.461756
1.782448
2.187883
2.462932
1.497983
0.670894
1.778784
1.955295
0.105985
0.686274
0.663231
2.986911
2.141417
2.785461
1.806277
1.891842
1.515636
2.102700
2.634091
1.151547
3.209151
0.281789
0.738643
1.384786
3.799603
4.016473
1.872929
1.556300
2.201178
3.316578
1.956977
3.535954
4.135461
1.867177
2.439672
0.946171
2.589273
1.047507
3.001325
1.379864
1.003662
0.675120
3.082835
0.367011
2.904791
1.640467
1.263290
5.190990
2.658071
1.029940
3.679364
0.548944
1.354109
0.110636
0.771279
1.167345
3.150160
1.496832
0.570951
1.132808
2.778554
1.875883
2.560529
1.601748
1.936106
2.673121
2.711777
1.522993
0.408378
2.096828
3.568454
4.298051
0.810954
1.389787
0.421872
1.801578
4.052347
0.560683
0.936622
0.346349
2.298328
4.492381
2.633030
1.370706
1.371945
1.596676
0.298521
1.330483
4.230545
7.286342
3.568601
1.440721
1.260335
2.644665
0.258894
1.424526
2.826222
1.442519
3.729780
2.772944
2.712814
3.905499
0.764790
1.294958
0.851163
2.883963
4.755699
2.004584
1.355762
4.171391
2.864441
4.175448
2.267697
3.061621
2.111977
1.962411
2.725152
4.005350
1.752664
3.610786
3.007069
2.633510
0.677013
1.245652
0.655869
2.597319
0.882385
5.685165
2.182458
2.891345
1.654998
1.100087
0.720039
2.855576
3.576100
2.665219
0.807375
2.542582
3.461677
1.538769
3.431639
0.942610
2.508380
0.803535
3.471454
1.050234
1.953327
4.864970
1.610617
3.289684
2.513612
2.833274
1.415116
1.328249
3.674298
2.749098
1.550284
2.662968
1.859263
1.271888
2.101939
3.072714
3.090592
2.118056
4.984846
2.283764
0.743287
2.588328
1.538274
0.803255
1.710240
1.438755
0.399992
0.951397
2.041463
3.358643
1.393973
3.025723
0.815844
2.552627
4.094784
2.776313
4.229172
1.964005
1.432305
1.887208
1.099795
2.187323
2.500635
5.963244
2.291508
1.476197
1.553330
2.774285
2.326276
0.047877
4.513812
1.716562
4.013289
3.538106
5.540804
2.452333
5.166052
0.875490
4.493861
1.511795
2.945117
3.344428
1.842215
3.686710
2.682481
3.985338
4.147291
6.516822
4.680700
4.412535
4.271807
1.019960
3.279628
3.418900
1.958632
3.262161
3.341832
3.637301
1.460241
2.909415
1.917189
1.904823
1.727593
3.325198
2.398559
2.371378
1.906123
2.609833
2.703479
2.212322
3.761223
3.201956
6.604939
2.702103
3.283032
0.735816
4.822303
0.384620
0.928104
3.897617
5.555345
2.130109
4.108115
1.881697
1.561170
1.169256
2.833809
1.766964
0.936060
3.391158
2.264478
5.421523
0.628504
2.331234
3.288441
1.700763
3.689323
2.465624
2.411059
4.027537
3.152973
1.390691
1.531789
1.742102
3.450878
4.046617
5.265863
3.298497
2.346068
2.653293
3.484330
0.572280
5.401929
1.292557
4.501755
1.769807
4.205986
1.320486
2.314652
4.696080
2.339730
2.061089
3.905835
4.607855
4.748275
0.863222
0.795737
6.202968
5.078277
2.848921
3.113860
3.272097
2.235090
0.670982
3.679695
1.401323
2.762895
2.176072
0.350721
4.771783
2.178042
0.944384
1.336569
2.019748
4.427957
4.505961
3.380484
1.826453
0.097585
3.474823
3.772045
1.203285
2.411688
3.162319
0.323424
1.423916
2.421180
5.457820
2.220693
3.429344
2.339137
1.829635
3.486924
1.211375
1.396708
2.457406
4.906439
2.234412
2.359197
2.196374
2.767144
1.276723
2.006262
1.919001
4.277721
2.958396
1.977912
1.892665
1.391937
5.738342
3.653624
1.697626
1.731390
2.698003
1.839123
1.604024
1.304609
1.292234
5.185043
1.965827
1.627844
3.736231
3.836750
1.089784
3.868105
1.874153
0.260906
1.455284
3.115338
1.696857
0.495786
0.510126
2.410397
1.955564
2.099922
2.375683
3.516968
2.750388
2.469017
1.977662
1.986714
4.800171
1.349309
2.525513
3.023762
3.130144
4.936437
2.132685
2.803237
1.882865
1.789511
3.632619
2.786645
3.992117
4.070920
1.768913
4.283555
1.272124
4.940870
3.980250
1.890215
1.604275
5.177669
2.177403
2.406612
4.279310
1.758099
1.617865
2.047707
2.352113
5.182262
1.668619
4.017254
4.734311
2.468004
2.669232
3.795754
0.827498
0.852910
2.141177
3.443364
2.805344
0.204408
2.283020
1.268312
5.056594
1.934646
3.862305
2.621707
1.520252
1.740790
4.720009
2.144770
8.205870
3.098814
2.599199
2.063704
3.102831
5.399031
3.016270
2.526735
1.197577
1.290211
2.645817
5.215183
3.506556
1.215342
0.861608
2.021461
4.421107
2.166739
0.807932
2.659830
0.923561
4.852335
1.859015
3.593460
2.463152
4.256047
4.129681
1.549028
1.820285
1.250679
1.548912
1.826125
3.355417
5.436214
1.895926
2.204096
2.023426
4.059433
3.824216
0.562028
2.065955
3.374278
0.988495
4.338744
1.247215
2.867125
4.584678
2.775803
0.711144
3.418342
2.119198
3.727282
1.578629
0.996121
2.581546
0.817038
0.392649
6.097328
2.173004
3.929457
1.100165
3.781269
1.183572
3.590977
3.919017
5.401879
3.097555
1.060924
1.884892
1.735047
2.768938
4.634918
1.617687
4.100790
1.854427
2.657991
0.298255
5.510677
1.809565
1.062026
2.925817
4.084840
5.076500
3.218516
2.984813
4.957995
2.932613
1.692598
1.852734
3.334970
2.217482
4.449465
4.718874
5.256832
5.706713
0.979030
2.875662
3.724483
2.924954
1.968396
4.180683
0.978011
2.040895
1.103516
1.093448
2.578801
3.182598
1.225523
3.197157
2.229062
1.749135
0.694419
4.799982
0.062761
1.077024
3.201962
3.161508
2.230260
2.973533
2.213657
4.441257
3.449098
2.409790
3.586151
2.622245
2.540962
1.320441
0.923064
1.800830
4.763019
4.394525
2.021935
2.525610
3.083537
5.248837
5.781286
3.481432
3.016928
3.450278
3.521217
2.479141
3.883796
3.826843
2.153308
3.170488
3.771867
2.279454
3.893208
0.929167
2.132598
2.523392
4.107798
3.695851
3.095644
5.792115
3.360515
3.762674
1.473079
1.526486
2.874826
1.788030
3.811040
1.744669
2.146226
1.947476
3.891724
2.933656
4.702210
1.453351
2.740204
1.932611
2.579504
3.364057
2.250375
3.068708
1.747009
1.991209
1.919087
2.863622
3.171606
3.608398
2.835391
0.779090
2.388961
2.759228
1.793068
2.589721
2.078667
2.257409
6.774895
2.855938
1.492915
4.210208
1.753449
3.249223
0.843718
4.104275
3.718195
0.655497
1.446701
5.814606
1.960756
3.652430
2.650767
1.652080
0.784462
1.482768
7.120577
5.682591
5.168555
2.720352
3.031069
3.167583
3.855054
1.612976
1.518905
5.029336
1.470479
2.338957
4.817310
3.413945
3.314394
3.927040
2.231060
4.325735
2.338862
4.517977
3.542140
4.203582
4.018670
4.447451
1.573675
4.676918
1.503030
3.040118
3.056505
1.397578
3.225642
4.598171
1.422165
3.027842
2.843133
4.224566
3.566144
0.333698
5.102863
1.784139
4.458933
2.173471
3.194702
7.164103
3.188432
1.408078
3.579269
1.693529
3.596014
5.189095
2.986129
4.139016
3.376389
1.366493
4.301710
8.653204
2.771780
2.535770
2.827214
6.380959
2.874621
2.382613
3.416721
2.836140
2.443672
1.325912
5.919817
3.557581
4.678683
1.581217
5.617839
3.489536
8.428335
5.258334
4.574381
6.125520
4.342387
5.832395
3.713457
6.455007
3.959452
4.230979
5.068820
6.095931
4.393724
6.339277
3.555477
5.091934
2.700293
4.849619
3.398436
6.448512
3.694556
1.616850
6.668598
3.684937
2.204575
5.607854
3.806240
5.306387
10.745688
0.835453
2.160157
2.797479
3.071591
4.025143
5.601516
4.092130
1.643037
7.929658
3.475125
4.818652
1.259122
3.623627
1.923259
5.013428
2.112383
4.382494
5.850282
4.639073
3.434257
4.609375
5.565949
3.636902
4.493850
4.998515
1.458819
3.158624
3.146107
5.966376
2.429148
3.668688
4.148464
2.222681
7.957480
2.082885
5.617312
3.344660
5.346741
9.018029
2.661185
11.037425
8.055111
6.870041
5.305118
1.201476
0.714045
1.544131
2.083320
2.352330
3.491121
5.258894
3.014371
1.219302
2.322848
2.921613
3.735295
7.771698
3.206672
2.170805
7.265709
4.098414
3.715871
2.940055
6.035920
2.881220
5.045709
5.225895
2.852306
3.852593
3.379880
4.663853
2.420265
10.591590
2.515952
4.974856
5.682020
2.593332
1.595468
8.103586
7.427004
5.386763
4.953839
10.710912
7.648465
4.777987
2.673278
5.748481
0.679127
2.118686
4.873079
4.110398
8.044193
3.480078
2.878649
8.077897
5.368518
4.020577
2.352837
13.595748
4.414191
5.408581
6.076434
1.910549
4.405512
8.081572
3.048379
2.148474
10.539305
3.711177
8.172818
10.596865
7.883044
6.048598
2.867780
3.123636
6.978669
2.968538
6.562502
2.800192
1.901881
3.674145
4.580943
9.547853
8.715158
4.516471
6.904146
3.165567
3.227156
9.775686
2.980684
1.948690
2.969923
3.525065
4.964138
1.416947
4.084170
6.716868
9.834503
12.074813
11.437177
10.748461
8.989394
5.351120
10.265108
0.694607
3.126044
2.964339
4.570899
6.310747
5.453553
2.393065
4.985338
16.353914
4.462747
6.863755
13.398803
3.811463
7.482148
0.288172
1.612464
7.692077
10.682456
4.036250
7.192010
3.396185
2.987543
8.139098
12.267507
9.204294
8.387807
3.602990
5.966065
4.275061
11.689086
3.858700
4.448264
17.738592
1.716357
3.867940
1.881014
6.810590
3.087186
6.261805
7.074764
4.456457
5.186125
11.495066
5.395071
9.666103
5.887902
5.710968
5.401509
4.386359
9.633771
5.159826
4.775937
7.670193
4.293429
6.680208
6.317074
1.935232
8.898203
3.201927
3.452624
8.472330
8.259275
4.297056
11.027094
8.233943
5.944089
7.837459
10.221997
6.461065
8.217206
6.383937
12.154757
10.440752
3.459563
11.063028
15.371888
3.546651
7.227031
4.431453
5.113812
16.628219
4.065488
8.785056
7.528685
6.360309
5.473240
10.126398
4.704801
2.401286
3.126834
11.080499
2.584623
10.246632
1.869828
6.949106
12.741657
3.646520
9.834162
4.821563
4.456123
4.902268
9.354992
8.282798
9.484273
5.252889
5.408244
8.018458
6.081713
8.760409
5.534968
3.571376
5.459014
13.154739
12.101392
4.301406
3.608132
9.417633
9.763050
8.074768
4.378410
22.728489
3.371152
2.439425
6.830736
6.798065
15.446284
5.325297
4.440909
2.058365
2.629205
3.866130
3.846140
6.808063
9.083780
1.301445
7.987543
1.923316
17.018092
7.027086
5.190178
6.876857
11.810970
6.812612
8.800484
0.710908
9.356604
12.361689
8.797859
7.169006
10.456718
2.876578
3.168328
10.481072
15.431687
15.009130
1.593540
9.080843
3.862187
4.082088
12.280471
5.448522
10.253059
3.160086
5.183834
6.033141
7.869167
8.644853
2.477404
17.965481
9.745511
4.446176
5.682201
4.471567
3.069214
5.014871
5.350639
6.186005
11.531459
8.639821
3.671699
3.061045
4.030015
13.457859
5.834262
3.244689
10.614027
1.653571
8.548187
8.247885
6.211495
14.515304
7.507927
7.556789
12.972064
5.271081
4.989054
4.112431
6.996312
0.227111
7.430016
10.625576
5.860000
5.617543
6.003668
14.480233
5.274328
7.147281
7.245028
0.899925
7.875778
10.775497
4.521473
6.776594
3.548381
9.376076
12.329368
1.980495
13.937322
8.799489
0.643872
8.547084
14.316175
10.986855
8.678538
10.271670
12.080941
9.884880
12.288863
8.409765
7.009055
8.193532
3.749914
13.391542
2.072131
16.334231
8.632842
0.781612
8.666037
8.959238
4.555038
17.321650
11.078656
12.928769
15.506740
5.327656
13.674242
9.365495
14.317870
9.531679
13.357585
13.328960
32.076950
3.902548
10.437194
14.315206
13.492418
13.676829
23.283891
11.875806
22.851171
4.288794
10.225160
17.992645
11.624389
24.408340
9.500744
4.682073
14.186131
18.160147
12.293217
5.510816
19.424317
16.955936
18.400596
26.146467
17.781912
11.938596
13.998601
24.903167
26.843960
15.835851
21.088160
9.341002
4.116540
31.225765
25.252161
21.641420
18.277303
33.264814
20.967095
22.336472
20.552261
2.934084
19.874139
16.901058
35.185964
13.391743
11.559918
48.304228
16.756443
6.818622
20.193717
23.278565
19.296689
10.763197
13.211973
28.091572
33.171229
22.186878
37.200956
38.315191
18.280114
11.175884
17.336913
17.906330
30.528232
18.888157
21.841620
15.375770
16.653194
11.806844
18.055553
21.619347
6.763548
13.664050
14.180571
33.830018
46.608950
19.339965
36.966573
24.824527
21.962743
6.253071
18.239578
20.381961
43.328055
11.218167
34.520612
32.806879
15.176625
10.315992
39.284792
19.621715
5.037383
20.381285
19.819910
18.434683
9.500578
23.754036
27.723902
22.994222
10.820993
40.093687
11.217012
10.661808
22.722940
14.058721
15.043316
12.966910
9.533919
29.877884
25.693183
10.938377
21.207257
11.347570
24.432400
16.909878
10.321196
10.862676
23.044772
14.754154
3.717532
21.921814
8.963459
20.623400
8.980723
4.349220
12.872846
6.321880
6.639888
20.957227
0.756842
20.018367
8.859996
7.133896
19.057961
11.464628
12.452770
11.247948
10.500529
10.529701
15.589313
9.094407
10.167073
6.901928
18.837279
9.761158
10.896442
9.525107
9.170480
11.650776
5.185876
4.421904
9.353814
8.479494
18.919030
16.831408
9.949422
6.606445
7.549800
5.845571
4.893966
5.442154
2.016857
16.945219
6.917143
9.009606
13.028502
7.342376
6.037935
5.081571
3.514449
9.467061
4.122954
7.898970
7.429171
3.114121
6.998919
5.345895
8.542084
7.982128
5.305095
6.617778
2.197372
3.245444
5.493404
2.041048
4.651142
8.515660
4.938894
8.480869
1.518464
2.209961
6.031446
7.073954
5.730588
11.839100
4.086750
7.050135
6.822215
2.800921
10.224881
8.609023
5.542836
8.059672
1.928861
2.923881
2.048159
4.363720
12.498352
2.875608
4.634817
2.449644
3.737104
0.399714
5.725626
9.426271
4.748387
9.442342
8.448879
7.749631
9.169107
5.380904
5.929837
6.317811
7.728821
1.342554
9.235570
2.599253
6.056041
12.211819
5.952287
5.912291
1.272586
5.679623
3.483940
6.404665
1.488941
7.768076
11.459397
7.922237
1.820938
8.923153
5.378284
4.478608
2.369954
7.134797
5.568845
1.041180
3.822130
5.372251
3.827731
4.658110
1.849438
8.558108
1.740276
2.910524
4.739870
10.299763
8.632769
5.275887
2.333591
8.539357
7.090550
4.879231
4.130729
7.777224
3.643165
3.802697
4.965812
2.739961
1.693494
5.943863
3.489761
4.419243
11.741502
6.351288
5.317203
3.110460
1.303528
2.672259
8.534395
2.498371
6.497029
2.099684
3.134310
7.465569
5.267387
4.198017
8.139780
0.793234
8.999820
3.213915
10.336555
9.814840
4.263288
2.603608
2.910643
0.457744
4.419334
4.039875
4.086364
5.483345
1.117652
3.339610
3.099658
12.638658
1.221842
5.119526
3.981095
3.008584
8.846183
6.600099
2.944257
5.672179
10.233635
4.556449
5.114682
3.525097
3.689995
4.640062
2.497658
1.587422
7.767499
2.308579
2.358628
1.397165
6.233232
4.167677
5.665254
3.128542
6.553686
1.867062
5.187773
3.804144
6.957889
6.128624
7.222224
3.201802
2.995798
5.192085
5.973182
1.615513
1.956661
1.668506
0.787270
3.129990
0.777972
5.468838
4.152698
6.178987
3.565183
7.072210
0.476240
7.574201
1.118905
0.592356
4.323702
5.338513
4.669702
0.362813
3.988652
9.363212
9.548794
3.282755
5.145247
7.205837
7.972990
6.688959
3.951616
3.014777
4.206162
0.276805
5.627400
2.310641
3.925065
2.414305
9.488007
6.737780
2.328757
3.105994
3.525604
2.084861
6.845573
5.333417
4.823948
4.366577
4.599970
4.129019
7.173974
4.454445
5.690132
3.163277
2.075227
3.253535
3.082831
2.026942
7.215822
6.533544
0.654753
0.793032
7.478863
6.363568
2.550160
6.227215
1.754169
2.052872
1.501098
6.547630
1.451027
5.747403
2.752134
3.827017
12.148639
3.482300
3.032153
2.703682
7.926092
3.695953
7.164374
2.935472
2.166918
2.568676
5.418651
1.100718
4.708776
5.679646
0.837464
2.196326
0.780833
2.631424
1.102345
8.228576
6.114708
4.406986
5.075615
6.805081
4.678582
1.822669
3.846749
4.513404
1.125305
1.778455
1.130826
4.512633
3.859212
1.912797
4.515788
6.631503
5.066825
4.750475
6.229791
8.004681
1.015881
2.558458
1.272161
1.988952
0.913009
5.580669
4.389831
1.450434
5.781820
2.680373
2.241419
3.701625
7.544701
4.360956
7.547474
3.120993
3.547071
4.165913
11.733643
3.775065
3.146417
5.309757
1.491100
5.262719
1.680389
1.984877
1.370367
5.930304
2.644849
5.760666
7.291806
0.584143
1.047931
6.285572
6.921830
2.693257
2.972677
3.694696
2.528188
5.008398
7.022123
5.132227
6.824030
4.891667
1.823129
4.457235
4.832365
5.328187
6.354944
3.127998
3.213557
2.813101
2.223415
5.847285
9.293337
1.160703
7.492720
1.841289
5.298368
1.038832
4.078483
2.099877
2.388963
4.706353
5.030648
8.093769
5.052143
2.302921
5.470943
9.461797
2.018052
1.205205
6.006030
3.716063
6.590720
1.941444
3.946798
4.850339
3.685812
8.636257
3.538735
6.582200
1.542775
5.978141
1.933791
3.549564
2.469452
3.854109
1.488789
1.977576
5.043137
5.109579
3.195280
3.128680
3.607510
4.924494
8.973351
2.366993
5.283018
4.036419
5.582978
4.857828
3.193051
3.378618
5.451039
3.499093
5.210145
3.448967
6.028951
2.052373
6.503088
3.963600
7.013888
0.946450
4.143732
2.730021
7.435453
3.774800
1.544592
6.375735
8.181656
2.718962
4.689029
7.398377
2.352715
8.936834
5.749709
5.535809
2.395595
3.078775
3.850173
2.452249
7.517885
2.093540
0.258154
8.670346
5.387803
6.021850
7.744937
3.296167
3.242902
2.970576
3.596247
4.614829
5.223405
4.995534
5.947108
5.463875
5.838099
1.094612
5.532577
4.151861
3.935953
7.682968
4.067030
4.518531
7.305365
5.464548
5.320721
5.578488
1.586024
4.330066
1.289889
6.101350
5.527077
2.793434
4.071301
4.463193
4.973295
9.049528
4.125332
0.583838
4.574291
7.504580
1.795097
3.772186
6.261248
6.230291
2.020239
2.460626
1.045077
5.937062
3.144152
1.962510
3.226133
9.467966
2.478146
1.220707
4.876186
3.713557
0.910989
7.999906
3.814997
3.293121
6.789977
1.738728
5.048546
0.565061
3.201850
3.501917
0.528165
2.561822
7.593115
2.027748
11.794008
2.327432
7.736331
3.332842
1.944324
0.648541
4.710402
6.037119
1.140889
4.174131
4.838382
0.774110
1.758081
5.659555
4.840888
1.318463
6.350507
1.556781
3.237602
2.544880
5.603255
3.641514
6.421432
6.706646
2.935318
6.503921
4.001347
3.146527
2.759409
1.995287
4.897546
1.711453
0.898362
5.309210
4.858339
4.984583
3.398184
6.331285
3.197599
7.317945
7.996031
7.870095
6.661227
7.617087
4.950502
1.626153
5.623097
4.811644
3.513945
4.082799
5.844249
4.732647
4.676981
7.488119
3.605961
6.473105
0.689233
6.780033
2.631178
4.124234
4.897579
2.911476
2.389554
10.602817
3.397092
4.837073
2.589561
4.975084
1.709864
7.621005
5.002105
7.889048
6.690634
3.685740
3.947962
8.224017
2.985093
6.268551
1.610499
11.403096
5.879632
2.027950
10.931719
6.224335
5.442721
3.969732
5.958255
10.280620
7.913486
0.665965
0.349994
9.220433
5.307860
2.371560
10.497408
6.579987
5.387835
8.207122
2.569870
2.964166
4.229768
1.895903
4.418750
1.380564
1.895658
13.542760
1.836188
2.998010
9.173642
5.788648
0.131296
5.185708
12.596234
6.703662
4.955743
7.267142
11.600822
12.303230
8.009107
1.108691
10.743466
2.657559
8.154530
5.567105
7.451814
14.918106
4.966003
7.808344
10.991011
8.577066
6.512763
5.793415
7.303310
5.610979
1.887290
6.922436
11.931656
3.513440
12.124007
10.096141
17.494777
3.759018
11.774053
9.514323
6.108982
5.837660
11.103944
10.923313
6.819519
11.129283
15.768218
11.106736
6.026615
3.777139
2.911390
10.406529
9.174336
3.726184
10.598734
7.221421
9.136395
9.047131
6.794752
5.537753
3.714829
10.767413
3.417501
12.814915
9.020097
8.364528
12.129930
6.370792
7.126442
4.344539
6.284487
8.187642
2.987234
5.308111
4.875249
9.271824
1.863121
7.593120
6.761853
5.881778
3.828583
1.755464
7.886688
9.388310
4.494639
11.147369
3.021857
2.091442
9.011049
7.387391
6.104224
1.038846
11.919777
3.300654
2.352102
9.772455
1.381595
3.516444
4.364315
5.863289
5.943063
1.808846
5.864239
1.687665
7.434076
4.537541
0.809074
7.992824
5.697535
4.749852
5.014656
8.279173
4.940003
3.621299
3.852398
5.072460
4.685915
3.995823
3.848970
7.361667
3.123329
1.053951
4.263333
1.379891
5.295089
3.341338
4.096798
2.763487
1.390794
6.283570
3.065862
2.606625
6.110194
5.297416
7.335870
6.351635
4.562703
6.102765
3.456936
2.802740
0.205792
2.510245
3.715493
0.004758
1.546717
1.560768
5.053408
1.726345
3.644947
4.466098
0.278038
1.016918
2.223940
3.610817
0.878539
1.568871
2.314276
4.414332
2.037639
1.035269
2.807305
5.881827
0.995053
2.662611
2.315761
2.225724
3.563833
5.651328
1.467268
2.470181
4.460350
0.841916
1.547227
2.008311
4.588389
1.949355
4.906277
1.310579
4.208230
3.180854
3.412654
1.033703
0.401828
4.983932
3.143667
2.455091
2.794238
3.165869
2.782322
2.598522
5.405058
3.816279
1.484608
5.915019
2.745903
5.527273
0.250271
1.546929
1.697856
3.729514
3.007604
2.148303
1.835538
4.388002
4.495847
3.471695
0.374349
2.760877
2.121303
0.956427
2.492500
0.516313
2.687624
4.345637
1.513416
1.102371
2.821638
1.463798
2.476643
5.103827
0.927744
1.144039
3.062524
2.252787
2.546799
5.807119
2.671862
3.388775
4.660464
1.701567
3.882955
3.472348
3.794646
4.985493
2.085878
1.027996
4.027822
3.757074
3.958856
2.257187
0.717770
1.027442
2.386623
0.317346
2.730519
2.986748
0.425578
2.655353
1.728924
2.524019
2.412506
6.965888
1.751911
3.692501
2.575700
4.321250
3.120185
3.296714
1.035385
2.138193
3.838440
3.293391
2.339935
1.841359
4.377833
0.880856
2.547396
2.017279
4.511612
1.469239
4.488557
2.557837
1.353867
2.997684
3.363815
4.190884
4.143583
1.124169
2.896171
0.641646
0.546810
3.183462
1.654730
1.962004
2.364342
1.921652
2.933737
0.351753
2.968038
2.996538
3.060645
5.316355
1.982262
4.561388
1.869770
3.107932
1.289798
4.225968
1.092110
1.398193
2.360277
0.588744
0.079502
1.068704
2.879529
3.362279
1.531957
2.744352
4.733184
0.928388
2.940808
1.797076
1.864612
2.900998
5.526917
1.436800
2.770084
2.534943
2.206302
2.439075
5.249452
1.616543
2.783948
6.275739
2.471027
4.897656
2.588019
1.342065
1.149849
5.698739
1.572446
1.597259
2.230814
1.341855
1.725779
4.378615
2.557231
2.282662
1.602426
4.836847
3.672833
5.917281
2.860520
2.530067
2.565629
4.899100
2.701944
3.170982
3.852374
0.714995
2.588748
1.867447
2.085319
2.305982
2.469685
1.093134
1.306421
3.040696
1.920733
2.013410
1.040482
1.679170
2.320782
1.529498
2.167032
0.434006
1.801125
1.803031
0.275982
3.148096
1.350072
2.579241
3.344133
1.734914
3.200210
2.749834
3.879480
1.976542
3.658442
0.802093
3.140140
1.088667
3.333404
2.127964
2.374168
6.705272
3.894899
2.594361
3.730649
0.978407
1.317697
3.834194
1.827722
2.279425
3.003105
1.038563
3.332232
2.530307
1.332069
4.678568
2.728224
4.505182
2.614939
0.637058
4.721192
2.873248
5.529505
2.949694
3.686864
3.483002
4.386199
2.122371
1.053485
2.899433
1.525341
1.203405
0.775090
4.012129
3.258925
3.787713
2.287633
0.801793
1.805865
0.985335
2.315077
2.645767
3.112347
0.403268
2.603799
0.549682
3.699059
2.916499
4.866986
2.653957
0.724275
3.980420
2.084868
3.450880
3.569854
3.722641
2.748914
0.229702
3.167335
0.250224
3.331587
2.382494
2.346586
1.261543
0.820254
1.915197
2.197665
1.043331
0.847339
2.637844
4.250239
2.255254
2.009925
2.901623
2.241015
1.199522
0.744999
3.751989
3.619793
3.737596
1.445346
2.963740
1.343193
3.972775
2.246275
3.204024
0.584634
1.727776
2.611134
1.720368
0.451041
3.846899
2.285184
7.227181
1.780668
4.765278
3.750239
0.810028
3.576172
1.375379
3.249670
2.969971
0.664246
0.964582
1.569879
2.214752
0.272057
0.538521
1.882026
4.166211
4.585717
2.375340
3.350544
3.904224
1.435421
2.586305
1.608640
2.953570
2.036985
3.548615
2.939319
2.877061
1.367165
4.894026
3.908191
3.271873
2.495194
1.772298
4.253865
1.753604
5.221726
5.455234
3.293566
2.016483
5.517921
4.030314
1.846339
6.289101
1.767802
0.808145
6.870836
1.636611
1.221403
4.351204
1.164135
2.875601
2.835271
2.900231
1.361079
2.194579
1.616508
3.373705
2.877419
1.510020
2.316163
3.197637
3.992161
2.991488
1.627271
5.488969
2.177191
3.303996
3.615491
4.135054
3.067038
0.970695
0.620546
2.646021
3.616303
0.569116
3.710492
1.653152
2.381329
1.859588
0.762725
4.411226
1.958132
1.237746
2.516256
4.489819
2.320318
1.544246
1.835869
3.467101
1.054111
4.606775
1.336814
0.390252
2.509334
3.215720
2.768317
2.095447
3.176450
0.858552
1.248019
1.731934
3.862147
2.334553
4.130581
2.436650
0.745397
4.562513
1.281845
4.311446
1.968723
0.349445
2.595149
2.839582
0.936891
1.958692
0.993541
3.753140
0.908474
3.341362
1.997572
4.276606
3.810987
2.226677
2.576966
2.651201
0.445289
2.060204
6.320054
2.842883
1.653996
3.837739
2.214523
1.222439
1.991772
2.060937
2.232636
1.216370
5.669456
5.908526
5.131071
0.756624
1.729556
1.460912
1.295109
3.632238
2.183039
4.272428
1.342603
1.033203
1.777777
3.484395
2.559900
4.054488
1.229513
2.998278
1.802544
2.440325
6.350731
1.703338
1.230134
2.200447
1.943264
2.244174
4.006073
1.286671
2.121929
2.469715
2.341662
3.763049
1.242230
3.344727
3.477943
2.284419
2.222609
3.114543
2.176108
1.671784
3.718943
2.726956
4.460893
1.568328
3.555047
1.990414
3.452284
2.158323
3.495082
1.484368
2.212174
0.981837
1.745657
2.599852
3.911073
5.368268
3.520282
3.276859
4.404216
2.055283
2.205506
1.353667
3.388735
2.890309
3.338708
2.769337
2.652074
3.686227
3.432671
2.040928
4.061545
3.476218
2.388572
3.190704
5.161029
5.348154
2.853582
1.916915
1.815428
4.106150
4.902207
1.426325
0.625978
1.493924
2.544218
2.406401
3.951893
2.040589
3.781971
4.317693
2.486050
3.281318
1.944902
3.015824
3.053868
1.170862
0.296134
4.736641
0.927187
1.651412
2.294595
3.286012
1.476904
3.649946
2.222502
1.474295
1.475148
1.574157
0.719336
4.153194
1.790940
3.448460
3.453512
3.048658
1.148763
6.076872
4.379075
5.347536
4.693083
1.880748
2.979210
2.082651
2.047914
3.080873
4.983921
2.115938
2.492295
4.290607
4.374962
2.771643
1.795249
2.509643
5.776251
1.165932
2.670355
1.677093
4.831053
2.046485
4.242741
2.905444
0.847473
2.375233
0.984881
3.287769
5.731354
3.631028
4.079992
0.643150
3.627573
1.180699
4.398450
2.587380
5.931688
0.639828
1.607786
0.691013
1.554231
1.860569
3.066901
1.589075
2.101580
0.453139
3.861893
3.149186
1.274490
2.189039
5.103991
2.673796
3.205713
3.932839
2.476481
1.815062
3.832888
2.569942
2.057758
3.317307
6.445045
4.548177
0.338513
0.913762
1.510366
0.846017
0.596079
3.410510
4.652630
4.330469
4.413361
2.823940
4.695111
1.664106
3.533772
0.673131
0.730087
1.142362
3.060194
1.493812
0.247715
1.539849
4.102208
3.475757
1.169416
4.465525
2.054994
2.720846
2.899005
3.826712
4.055734
1.792301
1.381972
4.860461
1.200350
4.577805
0.810721
1.632400
3.153309
2.302744
3.917673
5.301735
1.232661
2.277441
1.926686
2.247108
2.186575
1.080933
3.033908
0.441808
5.086283
3.075710
0.854829
3.317816
1.380561
3.497674
4.743489
1.893586
1.775631
1.151997
1.982672
0.260554
2.168347
3.439043
2.024064
1.637107
2.393693
2.749437
3.534933
1.817879
0.834255
4.089625
1.855686
3.866366
1.582821
3.656385
4.386964
2.391074
0.941330
1.784149
3.369594
1.417740
2.451663
1.560989
1.377015
2.927099
3.512038
1.961445
1.149993
2.006057
2.877154
3.880700
3.108588
3.424513
0.659774
3.711869
0.871809
4.228759
2.210141
4.348252
0.643870
3.293084
3.195977
0.638201
4.690863
3.091170
1.043100
4.082564
3.087469
4.889952
4.834424
3.317231
0.350524
5.975597
0.714441
2.352727
0.981052
1.183770
2.379102
0.885286
2.297808
2.182348
4.000340
2.661045
2.279574
3.036483
1.348773
1.458998
0.900744
4.800378
0.974208
1.616998
5.217394
0.560748
4.329598
1.754787
2.818533
2.906478
2.639637
2.305506
1.320411
0.062926
4.176774
2.171077
5.168339
1.421185
3.011138
0.127480
1.405552
2.605988
4.570422
1.940758
4.145750
1.482891
3.196315
0.435588
2.843929
6.156662
4.900778
3.813288
1.436121
1.915832
5.243602
3.113858
1.217853
1.326923
1.506126
1.359463
1.112753
4.244720
4.455904
3.878195
4.645540
2.367038
2.733524
3.414813
4.239717
6.572968
0.278023
4.449738
1.661814
6.258699
4.344026
5.275730
6.925436
0.707639
4.403149
5.882410
3.024543
5.285619
1.230921
5.827740
2.671987
5.255638
0.961414
1.150435
2.489873
2.653202
5.815952
0.816420
1.104375
0.922438
2.445293
2.786186
2.633218
1.405110
5.797755
8.927680
1.484132
2.500681
0.670602
3.115431
1.704074
2.479171
1.525650
3.303513
3.048780
2.052099
3.250968
2.960005
2.268926
2.610546
2.907782
2.976106
1.594880
1.872560
4.929332
1.371776
2.946904
2.997893
1.762228
4.211917
1.170861
2.487678
3.217408
4.540765
0.957636
3.179310
1.871834
2.362121
2.832857
3.184812
1.858816
4.042887
2.207329
3.268253
2.239704
2.982486
0.924130
3.803876
1.888869
2.092479
3.602605
4.058424
2.992902
3.971867
4.015254
1.965992
6.404052
1.428469
4.176100
0.905532
0.808441
2.442822
3.139494
5.521036
1.785378
3.339405
1.491623
3.853247
2.126378
5.039269
2.896164
3.286444
3.024592
0.917598
4.185855
5.578076
9.055044
0.984646
3.099136
1.534511
1.553868
0.746790
2.563736
2.413907
5.499901
3.665194
3.078188
3.640857
1.996566
3.743999
3.111236
1.368916
1.722279
1.527367
5.025923
5.512344
4.762585
2.424450
1.640379
5.130479
4.323700
1.472366
5.942457
4.366297
0.710905
0.854392
5.317037
4.810587
4.667280
3.589707
4.654967
0.919664
1.531464
1.929764
3.666775
5.230691
1.995769
0.816842
1.077239
2.542630
4.198185
1.716354
3.765782
3.156790
3.826826
3.025136
2.446755
1.131897
2.186138
5.730906
0.797062
7.167004
2.115778
9.792542
3.750798
5.774979
1.595573
2.516994
1.445354
4.881735
4.678226
1.244251
2.823621
2.889162
5.011333
5.099836
7.690399
5.719079
4.451481
7.258294
3.203829
5.143572
3.305012
2.375199
4.611656
5.462539
4.452619
2.199468
3.985871
3.472910
6.703094
3.586785
4.041066
5.183091
3.549077
2.681452
2.089740
0.767805
2.591095
1.613416
5.219509
3.774296
6.303142
4.956733
3.512333
2.600993
2.541302
2.302021
3.181296
6.323131
6.051365
1.435706
1.672490
5.025380
9.349714
1.050754
3.170969
2.529616
4.304855
4.009347
3.945438
2.185019
2.942532
4.666587
4.307314
2.320026
4.006673
1.761509
2.246335
0.987857
4.049120
5.236612
5.388254
2.454550
4.076796
4.678285
3.959629
4.795359
2.254464
3.160851
3.673315
4.874894
8.379901
3.603352
2.406433
3.347930
3.944191
1.716268
5.720593
2.332519
0.903886
7.010941
7.429305
2.325099
5.609221
1.772215
2.274475
3.850556
4.717206
9.300127
3.688414
2.962695
1.185883
3.858366
4.860515
3.106239
8.949499
1.534969
2.486928
3.642967
4.625559
6.979532
2.641364
4.288950
1.770371
5.802501
4.879768
6.559032
6.709921
1.627771
3.419323
4.170316
2.353039
6.515096
5.783007
2.118597
1.315085
4.724858
5.061167
3.167369
2.698982
2.858223
6.079322
7.058688
4.706128
4.122822
5.429052
0.354184
2.356221
1.427782
7.899636
8.030060
3.121763
4.771757
3.496869
6.155040
9.840607
1.218599
0.999930
1.743405
2.059316
6.138319
3.722103
1.310028
2.128861
3.248357
4.045203
0.387116
2.748506
1.599670
3.277549
3.598815
1.604999
0.195701
2.799898
3.945004
7.393693
3.612237
0.260543
5.226501
2.306394
4.375902
4.825638
2.669789
3.475813
3.347980
2.114444
2.843520
5.282365
1.914965
5.507911
3.385546
7.549946
2.745395
2.481892
2.619781
4.244466
5.714284
6.845302
3.851544
1.338169
0.419618
2.521682
2.567409
4.690864
2.591848
4.442009
4.385657
2.701161
1.581235
3.740702
1.749995
2.314683
1.373668
2.121548
4.286516
1.656024
3.106715
1.700808
6.561923
6.596416
2.335798
4.336800
2.221571
1.680902
5.121362
6.673809
2.844809
0.440671
2.324275
2.319333
4.510433
2.666391
2.693747
3.354339
5.707808
7.704175
4.238424
5.123599
7.563787
6.158906
2.877180
3.498652
1.154360
5.551068
6.824029
0.619298
2.668454
1.622201
4.574033
2.423134
7.713720
3.382973
4.068763
4.134537
3.006360
1.374720
3.302296
3.347158
1.531620
4.462835
4.588351
3.849145
3.566150
8.309411
9.641615
5.199898
4.079187
3.308831
6.176410
2.715908
2.712012
0.959334
3.870036
3.991594
5.488796
4.123713
2.693662
3.354067
2.593813
3.787517
3.053625
2.519004
3.605071
2.609492
2.008849
1.160007
2.318056
4.042155
1.276773
3.256189
2.630365
2.746570
1.584306
4.759151
0.708702
6.272281
7.181280
5.004563
4.993820
1.091480
1.403539
5.309338
4.745894
5.390517
3.100784
2.505355
3.811193
4.294264
0.287715
2.868117
6.214094
2.288644
4.086109
2.356029
0.926127
5.069651
3.305681
6.175815
3.788631
1.778886
1.118780
3.796873
3.461753
1.423168
2.923003
2.444532
3.590110
6.586434
6.216433
2.112819
2.570597
2.400083
3.554489
3.781301
0.592380
2.381588
4.029276
4.623632
0.099125
3.683706
6.817188
5.525109
2.706479
1.059805
1.536328
4.104075
2.284869
7.839943
2.374653
2.372675
5.072426
4.485735
1.808764
0.204650
2.805744
1.220083
3.013524
3.733635
3.645968
3.004931
2.126291
0.878454
3.328598
7.371800
2.012270
2.201509
4.886025
2.754726
4.377205
4.757324
1.083719
4.966882
4.150612
1.971838
2.782435
3.219372
1.391051
5.848392
1.998958
2.228825
3.301646
5.584815
3.574650
1.807848
4.544023
6.712372
3.496605
2.970185
4.113030
2.003601
0.757509
2.130950
5.409834
3.182472
3.313336
0.925099
2.244114
3.502346
4.954261
5.819974
1.249739
3.342297
1.824332
1.575958
1.945135
2.964901
1.966885
4.895250
0.699997
6.672625
5.598704
1.893107
7.568707
4.221448
4.162211
3.443269
5.897276
5.269511
5.576262
3.657515
4.168921
4.786464
7.604819
1.983594
6.042768
5.590042
1.065554
4.192065
1.950382
2.688119
1.793724
1.229322
1.792611
3.908070
1.281270
5.090885
4.159783
3.363809
2.005751
0.985218
2.687515
3.328321
4.782924
1.691032
0.939384
1.837702
4.630310
2.541131
2.769580
6.490873
4.231131
1.254300
3.109605
4.696913
3.381707
2.311271
1.793532
4.849008
1.656588
2.330340
1.846241
1.681746
4.065908
4.286688
1.973915
3.526376
3.607677
2.174269
4.459990
2.094630
1.782216
6.017297
3.332424
0.933820
1.400041
1.898652
2.961403
3.019849
2.318376
1.133818
1.660293
0.134185
1.211962
3.462275
3.932039
1.917058
2.973726
5.603064
1.159216
3.465747
1.383092
1.014748
1.991602
4.533582
4.477084
2.216213
0.376685
2.810819
2.174136
0.794162
0.355957
2.640203
2.141274
1.660365
1.661900
0.975507
3.902898
5.117930
2.396197
1.461564
2.736738
0.717206
2.962292
2.405384
0.660677
0.711346
2.965298
3.484761
3.118502
2.946151
1.300885
1.459202
2.760427
1.051447
4.622172
0.935744
0.245537
3.641541
1.660582
1.935478
2.074182
3.208104
3.300013
3.383013
2.128253
0.141368
3.305942
3.918163
4.661726
4.596371
0.393317
1.805016
0.742945
1.137405
1.644958
1.472209
1.207317
2.477859
1.499104
0.902062
1.362588
0.898841
3.150921
2.043079
2.897203
2.206007
0.752305
1.072657
2.502950
2.357323
3.554316
2.370786
2.531348
0.840360
1.961930
1.012245
3.870190
3.623395
1.590088
2.306137
6.952658
3.935323
1.558257
3.555951
3.002510
2.840556
1.640918
2.429757
2.011553
0.349015
1.567792
1.835438
1.243392
1.839946
4.537001
2.436605
1.330815
1.599383
0.804349
0.536425
3.610222
2.591169
1.701049
2.127208
2.025364
4.355789
3.912802
2.675462
2.777180
6.137482
2.158926
2.358985
1.646820
2.059810
2.235595
0.792283
1.382584
0.177802
2.504487
3.517251
3.260319
0.552271
2.230600
1.320401
1.338547
2.833280
2.841578
0.812531
0.947352
0.989003
1.199257
1.620253
2.090555
0.838776
0.785160
2.036603
0.368273
1.208381
3.842481
3.405890
2.039217
2.606785
0.131976
2.980385
1.117543
1.160035
1.010258
2.802307
3.025952
1.209574
1.824909
1.289252
0.245017
3.683523
1.152191
3.133711
1.821354
3.738475
1.985058
1.021002
2.373817
3.255919
0.908098
2.141880
1.912874
0.499968
2.145040
0.735010
1.245604
3.048540
2.264335
1.485998
1.190713
0.809805
1.661282
1.504595
0.451759
1.918652
0.827073
2.206287
0.726574
0.341213
2.287812
2.000581
2.141457
0.689004
1.608240
1.073637
0.933588
5.105644
3.209710
1.853762
2.276735
1.084503
3.140212
3.895322
1.747816
2.822625
0.958105
2.140536
1.636607
2.031010
4.238054
0.504414
1.854114
1.614476
0.481249
2.885229
1.717090
1.781486
0.874222
2.945692
1.883687
1.678394
2.136296
0.266911
0.214194
2.718997
4.374535
2.449419
3.522600
2.259036
2.730296
2.185809
4.118970
1.860751
1.954383
0.544898
1.008166
2.629642
0.157295
1.357920
1.506444
1.486927
1.751100
0.954192
4.205525
3.512173
0.628623
2.201496
2.392612
2.751461
2.037453
2.650793
4.578971
2.032541
0.688277
3.740458
1.384113
3.311237
1.763111
1.929672
1.638813
4.816045
1.340415
3.390088
0.339939
0.767568
3.191655
2.315029
3.809160
4.177704
3.003764
1.249967
1.798968
2.463344
1.761658
2.711366
2.026495
2.446430
0.614828
2.403142
1.714089
2.623433
1.926176
1.235831
1.796685
2.943678
4.053488
1.787752
0.526355
4.048324
1.887069
3.739666
1.644798
3.076905
4.978734
2.417366
0.949870
0.694220
0.885179
3.301564
2.587294
4.968986
3.612751
2.312836
2.106605
2.863006
1.722107
2.649313
3.196859
1.958120
2.205558
4.442398
2.907598
3.352402
0.773640
0.871254
0.843432
2.290277
3.392540
2.401169
2.015815
2.638528
2.513932
4.260308
2.859817
1.665499
3.364229
3.399149
2.331820
387.899029
0.195547
1.149335
1.800328
2.257594
4.783819
3.646592
1.247936
0.643159
4.256055
1.578438
5.706605
3.309700
3.074598
1.414067
4.382565
1.120589
1.816363
2.908445
1.673793
2.371674
3.188258
2.009128
1.804705
4.328698
2.458773
2.387180
1.249091
4.339893
2.886853
2.376413
0.459850
2.732256
1.767990
3.167775
4.871349
2.173891
1.724791
6.766558
1.005938
1.329406
3.661369
4.218512
3.494141
0.799759
2.746718
2.523391
1.754217
5.681767
4.614202
2.954157
2.635696
2.646229
2.354074
1.337152
2.842980
2.600616
3.016446
2.079328
2.852738
1.047228
2.946689
3.041338
0.365328
2.485153
1.029057
3.005272
1.849116
3.911146
3.046646
2.326311
2.132689
5.802441
4.845892
3.174288
2.005275
4.060997
4.400431
2.329996
1.308152
2.931729
5.348355
0.393888
2.185927
4.332115
0.671435
3.598691
1.890191
6.273939
0.764939
1.188568
3.954128
0.847758
2.761149
2.067030
2.457906
0.631217
0.817083
0.095201
5.248322
1.702243
3.469887
3.823263
5.132907
1.675210
2.222607
3.197113
4.159304
1.501538
1.304092
0.552362
5.583218
4.279603
1.909323
2.089482
3.956484
1.153728
4.954804
0.943728
1.724895
3.574174
1.181147
4.924613
3.474863
4.601413
3.869123
0.469949
2.139974
2.020187
5.943575
4.787884
3.091441
4.158656
2.944368
2.830470
1.180519
3.504347
1.932445
2.211298
6.637866
6.562956
2.162955
1.459631
2.705854
5.034788
0.217031
3.306880
2.990430
7.603340
6.414949
4.810592
1.915330
2.380680
3.636414
2.908584
3.761831
1.842799
2.885909
1.840436
6.754432
6.263043
1.217169
7.708342
5.990284
2.067224
6.850002
1.840243
3.863585
2.233382
7.958540
3.431848
4.606035
5.145455
1.198860
2.071815
1.382703
4.259192
5.783504
4.009941
3.028153
5.410277
3.089174
2.488447
4.985192
5.927680
0.844582
4.188801
4.424521
5.028334
9.197707
2.359999
1.624865
3.004487
2.069718
5.257377
3.698622
4.883194
5.487596
3.132581
2.564178
0.271820
0.968309
6.300370
3.090386
5.211511
1.710650
2.379459
5.963442
3.409781
4.054795
3.254194
2.455685
4.866840
1.800814
4.327076
3.946133
6.241080
7.174790
3.147534
4.769898
2.425032
2.922213
1.080209
3.336083
7.799979
6.828910
2.675346
2.303907
1.375673
4.109187
3.405790
1.363776
3.439253
4.433674
2.048745
6.894194
6.391816
7.498441
7.902931
2.950174
1.713275
3.478064
11.802189
0.571119
4.144085
7.817797
1.046798
4.449660
2.880258
5.523960
2.909786
2.494511
2.169013
5.420514
0.562289
3.905460
0.945446
3.952579
2.591490
4.386846
6.850470
3.355971
1.295290
0.895815
1.949080
4.935656
1.172398
2.631648
3.466849
3.776692
1.476095
2.376858
3.939239
4.563701
3.582363
4.636167
3.195408
3.450710
4.570824
9.537807
1.534435
4.206572
5.000613
1.431828
7.519500
6.220363
3.351225
3.425168
4.537527
2.422540
8.506789
2.761440
4.168023
1.201111
1.386366
2.303219
6.651754
4.051398
5.808784
5.095434
4.194960
3.169300
3.938109
2.437716
3.524481
4.837591
9.714005
6.585316
1.217274
2.992836
1.907916
5.773330
3.805714
12.893223
4.498522
4.200847
7.785317
2.428684
7.425220
6.992159
6.851522
4.021658
3.705190
1.053858
8.069596
7.635847
2.469950
2.915026
3.537120
5.974389
3.915974
3.594414
5.669106
3.189883
5.989745
6.232351
2.135642
5.136831
2.794579
7.533113
0.892211
3.439818
2.158257
1.860182
4.990509
1.470320
5.622861
7.583546
7.131428
0.991348
7.422123
7.096075
4.886188
2.683928
1.660442
4.067375
4.131939
2.068468
6.055392
4.216489
1.787246
0.998712
4.802838
2.064895
7.414258
3.941619
2.293090
5.694026
3.644964
1.748410
4.921345
4.405601
7.787910
1.166703
2.945739
1.053341
4.400597
7.294616
6.178884
7.304543
7.570426
2.635356
8.745514
5.370340
5.739843
1.885589
2.433101
4.594177
7.308192
4.475555
4.684199
1.735715
2.370794
1.336838
2.035197
11.964046
3.413128
4.873114
11.362181
2.994843
2.382285
1.430488
2.550714
7.627669
3.790332
1.684116
6.469702
5.804774
0.931273
3.216903
5.005313
6.651374
3.484824
3.808267
6.741231
7.357594
3.623456
7.555560
7.166236
1.773619
3.823775
3.582102
4.844118
5.877765
5.094344
6.113653
2.137879
1.703682
5.829138
5.280070
4.989702
7.912263
2.271974
7.602286
6.955680
8.145868
7.815794
5.830180
10.447092
4.050567
0.306007
2.460862
8.641806
5.396385
1.751922
5.241246
5.419883
3.031669
1.405588
6.376930
2.558358
1.052342
6.260730
6.431661
4.043422
5.387256
5.448287
5.060421
3.071602
10.899983
5.113465
3.458244
6.967047
3.604646
4.712088
2.016987
4.820740
2.638599
5.609452
5.774289
3.899461
4.622038
3.112143
0.954218
4.514813
3.006299
5.619246
2.587002
1.463866
5.136394
2.526840
5.670775
7.841248
2.091274
0.700446
3.703961
7.272290
0.970530
10.022917
7.270836
2.508834
4.442800
2.542125
2.478249
2.381802
1.142355
8.185218
4.374384
3.236137
2.479731
2.567074
0.761291
4.806633
2.475245
2.587509
4.604375
1.902975
3.494414
5.892976
5.423934
3.086612
2.173088
1.998475
3.659746
2.006442
4.695681
3.010069
1.865378
2.721928
3.133603
1.376327
8.206906
5.804985
4.976349
1.477527
1.951733
1.535806
2.214482
2.294836
4.407108
6.776434
3.512403
8.908902
4.348132
4.933806
2.913883
3.592309
2.547824
5.599291
3.260684
2.260762
1.810854
5.318062
2.747491
1.560157
3.025986
3.763656
3.316480
3.521697
1.050918
3.478181
4.872873
3.865607
6.097095
2.710453
0.915885
3.636895
4.183441
7.930890
5.244892
6.431702
1.600374
2.829006
4.997474
2.357475
5.167793
1.515856
2.058595
2.677142
3.271912
1.161710
3.178845
1.312132
3.650924
0.771279
1.171472
3.824203
1.109362
0.915729
1.679771
3.005592
1.982622
1.002803
1.212577
4.646296
2.029281
2.848184
2.801995
3.467810
2.144233
1.167644
4.752653
1.358506
2.925217
0.904799
4.822548
4.303834
0.830241
4.890862
1.074814
2.808039
5.660134
0.608729
1.897104
4.177598
3.191735
1.780088
5.127567
6.147083
0.934027
0.650847
6.245354
3.472108
1.129010
6.398947
3.273132
0.945097
5.570601
4.983041
3.824793
5.108850
3.232881
3.459067
8.664483
6.504908
1.859457
3.568894
2.534647
3.030128
6.756619
3.898440
4.456263
1.467679
1.937847
3.649023
2.131017
1.395460
3.974238
0.874570
2.876953
0.533319
3.600577
3.864779
2.623825
7.363941
3.796957
2.160345
1.965841
1.238062
3.146022
1.445689
1.602538
2.215392
3.837429
0.332845
0.449410
2.033952
2.456044
2.924831
1.876335
3.596256
5.939236
1.023924
2.334941
1.956471
2.165803
3.050195
2.312877
0.656052
4.324813
2.496849
3.114568
1.217046
2.973885
1.120778
3.786375
3.968014
4.570386
2.230215
0.572300
0.317002
2.713953
2.154134
3.051757
3.290065
2.782435
2.427344
2.682949
3.228476
3.846387
1.729544
0.271521
2.168816
2.804483
2.496827
1.697401
2.322095
1.112375
3.801294
3.044158
4.929453
2.813103
1.476405
1.775758
2.102666
2.125989
5.170901
3.038393
4.630402
0.445762
3.607941
1.589755
1.434318
1.743885
3.469276
1.779179
3.537385
1.083090
2.075140
1.182173
2.544092
4.748132
1.319917
1.253224
2.052439
3.282145
1.758436
1.592792
2.108532
2.921923
2.801754
1.903871
4.553036
0.945782
4.679556
1.222861
1.642024
4.062922
0.714291
4.141879
0.882875
3.042855
2.731563
0.887147
2.200456
0.779842
1.559819
2.439075
1.061220
0.464929
3.087935
2.679994
3.027532
6.319787
0.891960
1.273818
1.564948
1.583756
1.302722
1.650661
1.297448
3.789386
1.643180
2.137527
1.442201
1.383684
3.221245
2.374265
1.818241
2.113052
0.695251
1.046671
2.814919
3.161666
1.518183
1.088849
2.487082
1.411404
0.591718
2.728649
1.853277
2.838434
0.704722
1.266494
1.090422
1.072076
0.909881
1.639798
2.081270
1.867225
3.148002
3.769587
1.315813
3.765096
1.585932
1.986075
1.473547
4.314826
2.569067
3.227095
2.262686
0.939387
1.149394
2.001574
0.976308
0.936806
0.763993
0.814342
0.795569
3.910621
2.082676
0.515741
2.242556
2.182408
1.194142
3.606460
0.366746
0.653151
3.483628
3.158882
1.638577
1.993585
0.574780
0.624430
2.918478
1.438782
0.370902
2.298366
1.459501
0.738731
1.825376
0.633303
1.975989
2.165321
1.140651
1.429998
1.629624
1.252098
0.725575
1.815780
0.460655
2.509058
1.062853
3.243954
1.739906
1.318350
2.226712
3.684404
1.095024
3.212756
2.641137
1.689803
2.434375
2.613542
2.051719
1.135911
2.292557
1.526004
1.552704
2.112775
1.542510
2.932484
2.475379
2.699347
0.584122
1.322784
0.539871
0.630327
4.059587
1.568605
1.818958
1.537694
4.479409
1.066356
2.679728
0.636464
1.318497
1.813646
4.346338
0.901952
2.744871
3.198846
3.291301
4.321859
2.928914
6.339746
3.168421
1.987659
1.566337
0.793833
1.622664
3.498095
0.604059
1.237625
2.054785
2.542453
1.977400
3.650156
1.365200
0.481351
1.116452
2.725164
1.968578
2.127757
2.138741
1.578534
2.604449
0.966080
5.613711
3.099094
3.510386
1.547919
3.902762
3.192203
5.456067
0.510843
1.198795
1.585595
3.903382
1.877649
3.566561
1.196004
0.511182
0.703141
1.970126
1.979369
0.927495
7.433241
0.542944
5.060716
2.519500
3.938297
4.402264
1.909550
2.774082
2.919322
2.246013
0.543790
0.686369
0.972752
1.023711
2.051242
2.988041
5.359663
6.006235
7.425384
3.004413
5.620975
5.247281
1.988277
5.521238
4.608898
7.158160
6.316794
4.479704
1.651362
1.675801
1.102126
3.395641
3.582838
0.192904
4.474177
8.357952
2.819148
3.608567
5.672250
6.272977
3.914883
4.497154
2.941951
3.695078
4.735216
1.609329
1.308863
1.223480
3.220508
3.954466
2.716803
3.001348
2.117200
3.565154
1.164469
6.407627
5.159004
4.808766
0.169255
1.570159
4.296948
6.993184
2.591128
2.496284
5.251505
2.166283
2.062422
2.051504
4.308871
1.615237
3.304871
3.110240
1.246704
6.960293
3.530349
1.092415
5.173920
8.763696
1.152455
1.084909
2.843596
3.984648
6.010759
4.826779
5.477748
1.965316
3.433019
1.775519
3.884878
5.780610
5.826967
3.980683
2.153151
3.512495
8.689379
3.156452
3.276046
5.032220
5.808423
1.487130
6.864462
2.075633
6.000714
3.587723
7.895810
3.916677
5.338428
3.897186
5.682458
7.073169
0.126456
2.988335
5.605161
4.714934
5.272563
5.041284
11.275113
10.726098
3.668647
8.970304
3.699968
4.168946
9.208614
1.786572
9.610338
6.267291
0.588636
10.274336
5.214765
6.126748
2.940353
5.623833
4.607304
4.942619
6.711304
2.841188
6.595682
11.774102
5.453892
2.428335
1.954444
4.726450
4.254409
12.821268
9.002244
2.625850
7.388537
6.832640
5.579043
2.585644
2.398638
4.583519
5.195589
8.235691
13.197549
5.763744
2.752648
5.617515
6.273273
2.543761
5.434003
9.484213
1.883968
6.394805
4.386573
5.801080
12.408754
9.482984
3.394974
12.922316
5.149058
3.236229
8.792197
4.711643
9.961675
12.013876
5.457347
16.801069
8.397479
7.459924
4.686383
6.327954
10.237700
4.633811
8.069020
5.118198
8.932727
5.110117
4.925958
9.028534
6.786910
10.472454
6.977892
4.794454
8.209499
14.026928
5.911748
22.046066
15.268952
19.573183
13.009482
9.476527
8.362925
6.105849
5.735057
7.414274
19.174354
22.722125
7.297285
4.550664
9.819701
1.548174
14.060031
6.669803
9.631885
8.768553
10.951397
10.240011
2.932914
13.606109
6.517682
6.475040
4.034394
3.311130
17.131166
9.822764
6.041466
8.217897
21.052410
9.348027
9.156485
9.406367
13.528331
12.376540
10.673297
15.691619
14.879702
7.821007
13.532672
11.245883
16.382565
8.132470
8.267705
15.160495
4.665431
12.265105
13.882151
14.229436
5.929659
0.566737
8.539090
17.751340
10.320373
10.766258
8.707436
17.479118
6.465359
11.007157
3.176088
3.888023
17.407642
9.305545
5.885723
13.599873
12.481840
10.774729
25.743066
13.693972
22.083812
11.711743
7.171948
16.571846
19.949077
17.813849
19.383352
15.206945
18.781147
17.287580
4.411021
8.862671
17.975047
4.137582
9.102175
11.265765
7.325213
16.220987
0.303373
10.379722
9.346788
1.312637
8.239080
0.969933
3.906309
14.841496
17.394951
14.547167
13.913905
13.129168
10.968171
14.189917
15.884372
8.350727
14.677340
11.294754
19.947500
14.770845
15.933566
10.463905
27.866280
1.990703
9.791053
19.495607
17.778960
20.164229
10.212187
12.193385
17.608283
12.744000
7.614072
10.008850
14.935631
19.257597
7.407054
17.727451
9.879403
9.590020
15.726864
9.634828
28.626290
7.011351
12.681919
4.219822
11.756718
13.616230
29.010823
12.409842
6.720210
8.581970
12.730735
16.234472
19.738562
22.850979
23.437908
15.153186
16.924589
23.500868
12.468767
17.658965
20.168157
23.611626
18.634599
20.731229
17.416862
6.954652
23.016936
17.786991
8.939139
0.111901
23.866773
13.031718
14.276469
7.548588
15.554132
42.101573
14.536024
7.665459
13.609997
4.457858
26.902227
8.489453
10.325748
30.627719
11.414065
13.585691
28.242176
8.397710
7.490968
19.260211
4.574545
22.455808
13.469795
40.136931
24.810858
12.643866
17.058988
17.749719
23.368031
18.829826
8.502068
7.567409
10.110020
18.496072
14.698189
29.304488
7.981634
24.419403
40.906823
30.517694
17.422698
18.829317
6.817675
13.538435
17.603322
37.002618
9.565104
7.655246
16.850630
26.708283
12.603658
13.687907
6.923072
26.076873
9.406255
24.981220
3.005989
27.160029
31.733282
15.856928
30.981954
30.302612
7.038142
29.000700
18.161215
36.153187
47.596624
25.759273
27.960378
8.746636
23.775234
21.567946
11.806302
17.361064
30.981842
7.143667
4.534292
25.936426
26.399560
21.852506
34.392376
12.814773
33.393747
14.582673
22.368470
13.766757
10.731061
10.781387
18.293399
20.257525
17.785206
7.905151
35.174014
27.512136
19.213713
38.721873
39.297989
31.752003
26.218643
26.456197
20.310135
7.913017
16.220954
21.987381
25.488252
45.707289
14.322224
21.150782
21.585866
33.743689
15.885854
23.413771
30.998523
30.259600
29.211180
13.953138
5.525179
47.414225
25.237062
8.605847
22.360547
9.580634
19.122239
26.612408
12.947489
16.843469
23.443852
35.492578
19.722540
17.452820
19.696836
18.924828
20.796521
6.194851
7.190557
10.041311
7.448172
21.434699
12.314630
25.660310
1.698334
28.092596
18.599665
29.075351
20.064981
36.186498
16.317499
46.244198
15.804053
11.661016
31.907197
13.299106
26.191557
17.592217
5.616634
5.835176
39.237820
22.979180
23.662095
27.159181
19.728469
14.633492
28.867835
44.804914
74.248109
40.809516
42.838235
41.377961
14.927018
17.181891
17.287668
9.152484
5.433455
11.344302
11.562271
5.463144
21.177293
17.331043
27.701818
8.769156
47.871992
13.593952
58.000098
7.685169
21.962289
37.290256
18.249775
18.102946
18.988901
42.038898
4.264776
43.063531
23.049917
4.390785
18.386233
33.771427
16.058917
26.230064
6.546887
23.724103
25.135940
49.063809
22.310302
16.881685
24.992562
18.632895
77.191708
33.352501
10.336122
24.068559
33.850044
4.487103
32.663189
31.556592
20.154168
30.674667
19.604104
26.131234
30.572392
23.167143
20.682924
26.991106
72.509202
43.652558
22.961281
63.600002
18.439888
41.294880
41.037844
7.125099
32.028646
13.249483
27.759309
20.392983
27.239228
60.134462
69.147044
24.898126
29.620710
70.443767
6.326550
36.940101
12.347170
14.038731
13.851287
27.996875
6.683625
47.254566
23.996362
27.962802
12.333050
48.205400
23.893223
27.938134
12.147911
14.393866
14.378368
27.620604
18.726684
10.268717
56.836828
8.316517
65.671737
43.353463
25.840997
42.981135
40.712902
29.947988
17.663512
28.637434
39.134446
17.328039
25.175723
36.776674
20.825898
31.882280
57.291849
12.922164
15.681397
53.876609
46.217894
14.688335
25.920084
29.623721
35.841123
65.055046
21.918321
32.868507
27.768932
8.115240
41.346952
25.178118
16.875986
46.049579
36.971302
22.162800
13.600982
39.135266
27.912153
61.115567
78.802417
13.177087
32.855346
44.322111
38.446256
10.537085
23.709930
31.720151
82.919400
9.090524
42.080670
11.491625
55.333109
30.502006
42.107452
38.512130
18.081241
34.995584
48.945353
21.352704
55.454147
60.686549
20.394627
60.030820
11.967876
67.388714
20.144858
34.049767
31.501443
41.951597
9.456575
55.358965
34.431939
61.220827
28.493164
40.747357
42.304776
6.332051
22.770912
90.089833
60.042148
31.170308
12.559295
44.398780
13.877475
47.142818
45.118684
49.228117
36.849584
34.957859
52.671739
51.894084
24.279455
29.391695
28.120835
42.621655
49.396571
31.507801
14.552883
25.815044
23.885521
21.613369
50.305431
63.577072
29.401734
58.994638
24.307288
43.395677
20.093499
36.406194
50.896322
61.373598
59.739121
17.252966
53.485739
69.217415
71.124088
11.424373
23.614517
29.771165
31.425622
36.796514
42.758076
38.643118
36.887981
63.211280
23.534904
80.983747
69.322829
39.519959
34.532842
37.166295
46.471988
33.081088
35.417417
42.049580
52.018007
37.554428
44.061323
14.873112
36.697049
17.623929
12.124062
9.638638
13.681544
102.096764
34.560063
9.691384
3.457262
34.232304
32.464710
44.896752
33.618417
82.468104
37.582621
60.131338
24.279657
46.348439
71.640439
18.896280
10.432293
10.326386
65.613061
10.086182
60.681894
19.965392
56.916198
33.263084
40.413690
29.986893
7.390190
16.528580
37.814815
41.732664
59.318593
51.396584
68.268905
58.863778
35.917430
52.627366
40.027554
14.506260
63.245915
16.659326
9.976541
35.093986
51.669406
62.701666
44.755873
49.834560
111.422956
34.730437
44.478123
57.468925
35.633403
51.992717
54.003963
75.132443
136.371280
88.864145
44.204555
77.713119
42.435949
13.738656
59.310352
67.623990
55.311520
45.567277
48.311035
89.984903
36.736439
65.003487
12.060710
81.640767
56.484148
61.490129
51.575006
74.245318
101.507940
79.640543
61.681518
53.319694
125.872668
47.574865
106.050048
74.755395
24.442514
52.792837
49.818021
13.505011
90.239084
39.153896
95.901624
58.156455
97.516706
107.416210
88.346334
71.169797
81.192474
126.192108
110.179201
108.242685
102.637054
103.286015
147.621955
33.230314
76.036939
71.459963
117.645597
107.588017
26.368518
28.549590
220.596120
80.034609
129.639434
106.677984
138.566341
83.864172
137.478263
205.582682
103.178382
27.362564
55.223319
220.039525
70.818086
93.150423
161.273815
116.019476
60.371017
185.237927
158.650326
109.161279
78.971652
126.496126
131.361141
132.767058
114.373692
278.137479
185.653255
38.773410
96.408227
78.452107
35.945931
72.461651
85.931928
70.580275
165.967962
115.780210
80.793991
226.070606
55.508231
100.984261
158.371990
65.441987
140.066977
217.773626
76.651487
239.941334
219.087257
147.100099
58.950838
59.857354
52.313304
202.044991
69.409841
54.725530
