0.000000
7.075419
10.038268
8.711825
9.991091
15.955441
34.326126
2.360901
12.401230
18.056476
10.626250
5.513028
29.429956
1.672651
10.225032
21.257515
12.791316
8.082565
26.080525
12.517261
20.175116
24.448576
14.341675
20.193951
16.663764
11.402125
19.416444
15.485384
27.301352
5.332287
15.371747
18.157995
15.232480
10.237470
5.938352
22.965863
21.838795
16.508489
37.454486
0.498813
12.598870
10.804376
3.568231
28.297880
13.500353
7.650997
12.875769
14.595232
19.119256
15.148499
9.128995
9.715087
19.402278
20.530843
13.513444
18.211199
13.791274
6.500619
15.145827
25.345196
23.964141
20.963425
16.116092
14.586083
11.378994
12.572809
23.673104
14.453956
13.139901
7.247760
17.042499
22.212762
39.219780
12.566143
16.836275
17.777155
32.948096
21.345729
6.395316
12.561869
13.778652
23.529886
20.024424
14.079525
23.911034
8.389878
10.485372
15.322761
22.536985
14.368492
24.158804
15.624213
21.464373
0.052965
11.523781
21.727519
10.340347
23.023925
15.038909
17.760850
39.331821
19.770702
12.086566
19.670346
5.190600
10.354680
14.719261
28.763041
18.920286
10.108133
15.748342
19.494876
13.615588
13.742188
17.736590
9.014980
10.015461
10.705015
20.011872
29.767259
1.327098
4.610225
7.888994
8.590519
26.504880
21.946910
10.528579
14.687195
3.496952
23.114754
8.235555
11.246746
15.642783
14.724291
11.865508
16.184951
20.320154
13.407592
12.568216
24.791002
16.799578
9.739732
21.934619
7.531528
33.618120
3.738536
5.070801
15.190958
12.623391
15.724887
9.703903
7.181316
5.910390
7.069286
8.525638
6.432494
9.694903
8.140599
7.380650
24.425010
24.503657
20.585474
9.644087
14.015359
23.888301
19.845650
10.944718
18.113314
10.583740
12.318596
3.571924
20.230327
11.969433
29.114902
25.159346
16.280445
5.644885
17.651582
34.525772
15.541677
35.936417
19.061873
23.307105
23.463379
19.250292
18.672411
10.666746
5.188434
6.400834
20.293757
16.702035
15.073965
5.747341
17.239786
22.395075
18.576894
7.974554
20.596117
16.146831
26.859425
6.710649
19.262575
9.367302
21.311484
9.499165
21.099077
16.022655
2.941623
20.423579
11.861523
11.209289
46.138447
33.831543
19.183878
18.962958
10.986070
20.562824
12.886173
10.977119
19.244346
10.533502
0.661202
2.303319
21.022886
23.771061
22.291818
21.542197
8.812001
1.827735
24.128772
5.741898
4.427851
11.528916
4.938276
19.394129
19.955537
5.626308
14.736110
26.021030
19.119707
27.952821
28.035806
37.665716
22.792636
33.185165
19.085203
9.260274
7.070888
11.315467
4.844626
18.408351
12.302358
12.024120
31.743093
11.252980
19.757453
18.524584
20.700007
11.291951
18.372211
10.336084
1.376543
32.388064
5.133012
12.399236
3.408799
8.541756
16.965696
12.919410
23.317851
22.559040
13.864192
13.592749
13.186024
41.842766
3.153301
13.688145
23.811068
21.649980
8.836117
12.422839
4.539413
9.857791
26.225218
29.971550
8.509941
26.725299
7.863812
10.743325
23.143249
7.973328
29.827500
11.325353
20.743306
13.674308
20.009177
8.296846
15.179038
10.712939
22.970876
4.273887
17.077524
3.968462
11.627191
12.189363
23.231687
12.859956
11.845636
11.846132
7.737516
8.648919
10.057682
22.189269
23.052354
18.474296
8.903563
13.779213
20.467751
20.475087
11.519416
8.201771
12.168331
15.391205
16.280898
9.161804
33.635544
13.344300
3.810694
3.020663
13.556348
3.321033
23.071674
9.851181
10.181218
2.551891
13.528932
18.166294
17.804309
7.262749
16.138055
22.973112
16.097322
7.441103
17.543228
11.895819
15.195353
23.761912
32.005875
8.951362
21.632799
9.119816
19.060429
10.584622
23.436619
3.360914
14.842390
17.656209
35.840163
11.775977
19.055017
5.004224
6.700552
15.416134
4.138430
12.455884
28.415221
9.076582
6.108288
3.299980
12.816258
16.150709
9.899335
6.671543
5.511457
13.614553
20.412922
23.067611
19.006466
11.839558
17.468497
17.091857
19.997438
10.221584
13.081016
5.795220
12.287216
18.984631
16.300136
25.891018
16.438608
26.584487
16.237820
14.797802
0.442969
17.259514
16.936462
9.014089
6.995194
19.814125
5.735129
26.047429
16.351134
18.042003
15.473587
17.131872
2.494762
3.142176
14.454923
12.682621
9.326793
26.012584
23.250642
18.414778
22.228638
13.947371
17.201299
10.655809
10.602119
14.456377
9.287258
23.781033
7.992823
13.221042
15.037525
20.404752
16.123000
30.949804
20.852818
24.213823
21.756595
11.652879
25.953168
12.391753
14.353765
19.847364
27.331792
29.400538
25.509835
11.148152
6.626217
17.138881
9.288717
15.755461
24.705248
30.846621
13.482259
5.113672
30.084741
29.806020
4.998796
11.925338
19.297413
17.341558
29.918179
55.508859
34.287963
18.754586
14.372355
19.792862
8.528716
11.897296
15.390416
9.354310
27.054339
17.142969
19.107628
17.229984
49.166677
10.047468
20.432887
3.994674
24.888017
35.573670
24.259855
27.370978
20.297796
28.279109
14.882952
22.561664
6.938431
2.631258
32.646627
22.110649
18.627470
11.043866
24.485376
22.763766
5.776014
35.335680
35.054608
14.544088
20.300084
25.718183
18.155362
21.775796
16.971196
8.823865
11.692037
17.429356
32.467698
12.242221
18.525434
23.303327
20.545053
28.031071
13.931655
20.126783
18.792198
21.762259
31.113216
4.386292
17.751367
11.985314
7.050587
25.710566
19.223829
19.695812
16.081923
18.251951
6.792613
19.891213
21.531906
15.703833
29.363954
21.208511
10.589716
22.416896
24.296110
18.246208
6.741258
5.829625
11.114339
19.400663
19.360718
27.054266
5.110489
18.918877
15.091723
13.035564
11.358824
6.610729
9.450676
26.344425
14.181346
6.859214
11.779634
4.100233
8.851725
11.740648
3.281393
15.746801
7.874486
13.254163
14.681796
7.131756
19.170965
13.987609
12.523493
5.670152
3.589454
7.427759
15.415462
15.853051
10.544714
12.539622
10.237081
10.700202
11.086568
8.980850
6.196250
9.958534
5.569829
3.714766
7.581126
17.505683
4.682206
16.373701
11.322493
2.344102
5.682568
7.759756
4.400441
12.275712
20.074167
5.400059
8.317369
9.138933
2.792710
19.735424
26.854199
7.283220
8.143754
17.550569
3.520079
6.093295
4.863578
6.633926
17.934790
10.458093
11.823401
27.186175
10.210239
6.164248
14.357351
4.481386
15.803780
10.566912
17.956059
21.753528
7.205190
6.749005
13.068876
9.103234
5.907043
26.967270
3.874662
17.655120
2.575814
4.963834
6.427401
16.346232
9.938435
10.400949
14.252068
23.625368
18.980987
10.640171
13.751301
11.323821
11.810614
8.169032
4.412113
11.742895
11.961727
8.101790
5.189205
2.919778
8.010096
11.114302
1.790337
4.252281
5.227630
24.115841
15.299564
15.726288
3.379748
12.410435
10.898632
12.896451
17.078534
4.584618
13.150404
8.303015
6.288058
13.610677
12.164249
13.115997
17.916570
5.297763
28.866170
18.561994
6.162222
6.355321
2.506971
11.940230
19.182967
10.066064
13.700841
14.634894
8.003929
28.233199
8.946178
8.261164
14.046603
18.078867
12.828864
11.027641
9.188140
10.938071
11.641200
3.984237
8.490175
12.194848
16.355961
20.562687
7.377337
18.140671
11.594099
9.641655
22.148449
13.769479
7.634664
14.205809
4.135792
8.596670
7.263545
8.374359
22.924657
4.230450
2.262713
16.446535
16.461977
9.402022
6.740170
18.114008
7.680274
17.094195
5.310210
29.760474
10.972102
7.148305
12.224291
6.374155
8.151558
9.999042
0.468058
25.603720
8.420371
12.778138
27.802777
1.718455
7.302181
28.450371
11.054052
15.739965
10.552891
3.397832
14.104917
15.429842
5.484861
12.671033
5.716453
13.401677
13.782038
13.608221
15.331450
13.429700
16.941364
13.496193
2.953066
6.231298
16.678615
13.849346
22.658597
4.778631
7.101657
6.352921
14.143241
5.140473
11.775139
2.251799
3.373015
7.606662
41.872939
9.790610
2.648898
14.780789
4.432088
7.328615
19.018457
14.319532
42.551717
13.598189
8.669673
7.252005
17.339968
2.777663
5.283126
12.993621
21.052740
20.636223
15.647330
16.819731
24.187250
16.280105
13.803887
15.197354
3.480996
22.020062
18.606404
4.370810
24.373552
27.170393
12.812351
18.032445
34.949469
8.152705
5.357489
7.199828
31.872396
17.900763
21.457939
8.183762
10.853928
2.746123
13.282966
0.376575
8.594336
10.066384
12.413846
18.567350
39.987550
12.512668
26.135071
7.728194
18.532834
30.567551
7.939417
14.422569
7.413631
35.466651
13.282466
13.805713
3.912408
18.294513
7.773650
18.868790
11.837463
9.698091
25.547690
8.400000
19.246149
10.293638
11.232219
21.736753
7.385599
17.357342
14.625221
13.867838
13.235810
20.702536
13.786258
21.411208
14.121988
23.052442
21.594845
18.328714
6.682675
14.100272
16.195991
11.347977
1.010349
12.621737
22.531024
5.178817
7.580083
9.141865
12.035351
23.382967
28.340792
13.234555
13.374438
25.542427
24.215864
18.379255
9.654408
35.584643
14.293036
8.609876
17.533847
9.214044
30.752327
19.588483
16.625567
11.136581
20.411608
11.936419
14.693920
26.642780
22.030806
25.874096
21.144324
34.070822
17.311787
19.824809
10.674650
5.819113
16.512710
34.866512
19.967882
19.377489
35.332972
32.090866
34.272416
37.607965
55.835213
36.845794
19.025649
25.260059
8.070501
12.773218
21.098726
13.916429
28.639632
26.101132
19.230652
7.745243
31.928881
14.229598
9.277871
1.139200
32.591319
19.194211
15.763270
19.538589
6.659388
19.174042
13.969391
45.211450
30.122893
43.095634
14.587847
36.050106
14.693382
42.395331
17.347253
21.832199
21.538682
31.869967
2.328902
21.829151
3.612549
7.202354
11.651670
16.195995
16.737473
6.152036
61.304956
14.036810
41.432652
14.046438
30.332468
33.482062
17.177834
21.251811
17.373586
19.855665
16.551410
12.221074
4.666232
6.833113
22.613071
18.823991
54.226173
36.305254
47.503708
25.697590
28.494571
28.084380
2.844118
34.375802
26.703013
44.852962
46.256653
26.954566
17.618365
14.943637
10.083818
20.311946
27.721453
17.451282
36.317167
57.016864
25.054334
23.505989
42.048063
42.201681
24.936955
12.878389
33.037467
21.185384
19.567393
4.778002
2.489176
17.056694
26.987155
24.064025
1.776353
26.478567
7.536224
26.337199
9.069956
44.845573
39.673202
31.474845
10.543070
9.982430
28.741680
41.468970
5.705864
15.155080
27.601541
25.183515
10.985466
23.587004
28.084275
13.922691
10.637900
16.559835
4.398124
36.264928
10.358443
27.742000
7.859603
33.844941
14.909369
11.134385
7.918551
22.118969
19.867077
29.632978
28.357850
22.483659
22.040041
5.774906
20.816926
22.359601
34.177235
36.253926
18.212569
12.521675
55.042813
11.119740
13.202673
21.939598
34.271548
21.781380
42.674806
8.392761
37.587672
11.540140
5.186838
7.708312
11.191329
5.802744
33.229501
28.586710
17.770011
10.218588
26.208897
12.032252
30.494968
38.894374
36.492798
47.472547
26.509446
13.227123
15.916944
19.967204
44.767604
19.688353
29.776364
41.463996
14.596933
54.726994
22.865182
29.563748
6.683414
45.424618
33.046219
23.791243
26.750173
25.419438
25.849733
40.555074
11.922662
31.069102
22.900040
31.414738
2.310327
45.703486
46.788086
9.252030
33.578292
30.999685
24.089464
6.770647
31.434806
23.065998
27.617696
42.821504
46.072463
20.269523
32.935190
35.261858
9.872471
24.939310
13.458722
54.265684
19.529736
22.007488
27.343634
27.904941
43.977783
29.685693
12.271416
37.480424
6.551654
12.813104
31.557879
7.937062
60.801815
23.701437
14.716670
22.227447
47.600140
27.778857
6.211447
27.772069
48.000216
24.638221
43.790234
35.503986
34.571573
12.857372
5.347737
29.522851
44.103429
32.028040
15.268116
25.403614
16.146711
35.575819
10.601821
70.657603
43.356052
54.420659
27.257320
9.254764
25.186691
9.917487
3.221255
24.698074
57.146408
53.053474
22.790088
8.645692
22.737200
18.569236
23.783307
28.839181
38.512302
45.924601
52.404157
52.594684
23.042624
22.627790
33.097739
48.968917
7.857675
38.577390
39.235788
26.272469
41.729357
17.741911
31.978264
10.518684
5.765432
66.747746
22.353519
27.779210
21.074619
45.177848
21.735375
44.500220
34.047884
55.730480
23.486589
40.494277
31.410801
57.427984
20.505601
55.333994
20.253737
68.647019
11.615474
4.316024
34.067445
54.367655
22.618501
23.417801
36.653626
50.000408
11.532814
27.432546
23.871872
11.779832
36.660611
26.449471
40.339873
48.457660
20.334259
46.976575
71.840832
60.645060
58.942364
13.885008
51.701468
40.665062
44.265040
15.834744
49.529719
27.691211
40.397288
23.587723
60.535956
5.257777
42.941050
17.260624
32.459731
22.299668
21.335170
17.079002
49.023442
21.756608
12.410657
14.695334
22.631582
8.994672
21.677634
26.454990
67.153535
22.889656
22.275655
29.050097
21.543487
22.922898
47.585691
10.161180
35.570413
18.966265
38.125027
26.804031
36.449758
14.166737
75.489115
85.341021
26.459247
60.594833
44.047596
41.275340
39.889428
47.957961
44.285457
19.070951
31.828207
57.946916
29.871109
47.689259
5.832556
4.092582
21.327008
41.911635
56.131935
19.317162
72.782814
23.002061
49.850396
7.131846
22.374417
52.118805
28.575325
43.020609
29.630968
28.393089
16.573526
45.939156
57.127428
73.392672
31.220330
24.829027
46.783319
36.160168
63.050798
11.618573
48.898836
63.708202
27.405283
31.952447
50.027592
38.257574
50.937447
31.611657
15.653399
29.669861
53.797584
40.085837
38.638562
47.014475
33.295493
88.877599
45.889793
19.852619
49.023508
19.424776
42.122534
22.245063
37.254887
50.550938
9.546599
12.474940
69.329488
15.861697
36.653634
31.965558
16.023149
18.971195
17.171828
84.082105
106.654391
71.030682
34.679713
36.488942
54.001003
55.508553
17.360519
19.750556
50.522044
28.516949
22.760878
44.012341
33.827998
56.703426
63.335101
29.024645
52.900672
48.259405
51.753806
40.329231
47.870627
61.662679
51.333714
27.449657
64.196976
28.384112
54.400466
28.615224
16.509321
53.794181
44.167921
27.610146
50.077605
29.562147
49.448442
38.541893
14.993331
87.870590
23.146515
49.398497
30.636351
45.488546
96.531110
42.512741
33.745746
37.442379
21.257724
36.117148
62.039830
38.600865
41.500910
42.490103
8.156615
51.868746
106.493028
47.981559
25.979368
32.909846
80.491723
29.829573
23.853077
35.292650
28.029242
21.768790
16.606012
61.144574
32.946459
55.973426
14.498960
58.264196
38.657905
92.299329
50.308356
46.908918
57.013316
55.293944
67.243982
30.211762
72.617671
51.307361
53.250957
56.007717
71.314904
37.965129
61.128872
33.599563
40.213780
15.277488
54.955023
34.243455
53.376238
32.056357
20.579485
62.014049
40.859098
25.106630
67.141030
45.343286
50.798395
99.425400
2.052580
29.813320
3.770000
30.409651
37.622504
52.195419
35.715230
19.302594
68.755093
40.133883
59.809322
19.248735
35.025877
31.173611
55.545703
25.140933
35.537353
63.353112
57.125814
32.813282
56.325165
68.901859
45.790677
59.308440
45.460159
13.198999
33.486047
31.753696
53.833153
27.845074
40.816302
36.525597
14.471620
79.456511
22.189172
56.485440
33.809100
59.382642
87.245480
24.367293
100.811206
78.040089
74.214329
53.164276
12.338617
10.628394
19.264989
18.125281
29.667699
30.828436
55.093503
32.603972
5.768732
21.859309
35.459232
30.002119
64.249517
27.323915
22.041670
68.435918
32.888623
39.861359
30.302890
58.114675
33.261078
46.728129
48.850949
20.587507
34.473258
31.981386
45.166794
26.199624
100.671584
24.964643
45.136385
60.436774
23.696443
12.635253
67.812591
72.353339
55.499944
45.714626
102.201934
70.500096
39.612531
35.290062
48.587168
5.500130
20.442840
37.429059
35.902509
76.238930
29.419306
23.737069
70.270488
43.008688
35.119868
15.995989
122.974795
40.074175
38.251507
53.910876
14.953185
36.069157
68.597212
25.425820
20.643942
97.689189
31.780895
65.919594
92.314137
78.250491
52.197936
29.958477
25.193202
65.996085
23.485669
57.507879
22.796742
17.916768
28.488112
45.610974
80.452380
79.431013
41.616671
62.188391
32.155446
28.366876
85.666614
30.223754
13.384585
31.968978
37.571868
46.649145
11.392746
32.855678
56.639207
86.031786
102.926191
99.794668
88.082268
74.007493
49.227724
90.113844
4.434384
22.153815
25.744699
40.357028
52.015864
45.024044
20.207100
40.578315
136.832271
40.692473
55.140834
112.898814
33.901229
63.007643
3.983354
13.089553
63.780513
89.596702
35.245837
60.168119
28.186362
25.988623
68.233847
98.642831
76.229998
71.458428
27.574949
51.832171
37.649979
95.247563
34.687039
36.541494
151.072781
10.824915
30.587807
16.721779
58.736368
24.940111
54.872765
58.061995
35.977119
40.527880
94.978075
44.082655
81.022034
48.479297
47.976411
46.993848
35.748607
80.359088
46.044776
39.482889
62.479026
31.478001
55.817001
51.548013
15.987433
72.133629
25.495093
31.997026
67.569389
68.748078
36.192788
89.290351
66.749432
49.852644
63.955126
83.209656
53.832471
64.612769
51.489920
97.784671
84.071762
28.575579
90.152923
123.748863
27.511127
58.308995
34.451781
41.514921
134.172029
31.648699
72.135228
62.410073
50.808108
44.907348
82.208706
36.522967
20.351416
24.881090
89.310485
20.027136
82.460772
15.992652
56.627586
102.973303
30.213817
78.542793
39.448646
34.953793
40.030394
74.423299
67.042604
76.104672
41.415707
43.586244
63.477690
48.500052
70.928511
43.322262
28.777334
43.409527
104.910486
96.029370
35.103734
28.290719
74.661885
76.999562
65.607686
35.591490
180.646495
27.840286
19.419054
55.338957
53.365526
123.002575
42.103634
35.967282
16.688515
21.556814
31.510170
30.417555
55.121056
71.487033
11.312828
61.686590
14.732915
135.164037
55.402804
39.741211
53.130453
95.399659
53.782102
69.710386
5.357979
71.832354
97.330226
68.212038
56.692270
82.039047
23.184643
25.482462
82.717803
121.777513
119.000715
12.273079
72.335143
29.219586
32.546427
95.946280
40.868589
81.852320
25.774145
41.394783
46.586830
63.859724
70.512795
18.992572
144.839174
80.495867
32.978725
45.043937
36.678636
25.328432
42.042539
43.652015
46.924477
91.492952
71.113471
28.387978
28.092376
32.230537
103.871627
49.159987
27.469120
84.387921
15.454476
67.421290
67.519021
48.894211
119.351339
60.271869
58.595304
101.731165
44.966941
37.841420
30.804586
59.763456
1.151313
63.229973
81.219714
47.145184
45.135638
42.377533
114.221392
41.721583
55.218912
60.317500
7.796235
63.423050
85.546525
37.072772
60.006424
24.940676
71.931000
97.097776
16.140412
111.233412
67.946669
3.577767
69.453974
113.590629
84.565662
67.719444
84.840336
99.019112
76.425761
102.457540
67.524071
55.898671
65.265346
31.592772
108.421071
16.722530
131.703277
71.677181
13.053564
67.143913
65.581464
37.022166
144.576759
91.611138
97.949543
125.898701
46.164053
109.510644
70.515069
107.529040
80.561200
113.014425
105.987819
259.934185
32.547728
84.391920
124.526836
104.158577
111.755546
190.274255
100.873441
175.277199
40.033280
88.443978
156.378988
99.908369
200.922335
67.555619
33.744023
111.920148
146.690596
107.550897
46.878115
163.880398
135.195613
154.332074
217.158831
145.679641
97.329894
113.550667
215.145799
216.203189
131.813289
186.072655
72.286693
43.422993
262.477054
214.250779
174.598640
149.596769
286.566314
170.712998
196.299468
179.104918
26.378185
159.158907
145.661269
294.284258
122.003364
96.593844
404.376744
137.614888
58.820051
167.266163
203.344691
166.181707
89.932165
120.528044
236.714502
292.004845
192.482213
316.215074
333.486839
153.336958
109.263340
147.006038
155.036365
259.723228
170.397207
193.374507
140.614252
146.648927
90.520571
159.414313
199.124187
60.924750
116.786527
127.045278
299.375428
412.818576
163.191792
309.822213
227.054302
199.574411
62.310990
162.112561
187.161504
376.473817
94.540111
320.256454
284.477371
131.632092
80.453919
336.152252
169.751166
44.953859
179.526555
179.351497
164.448985
94.225939
212.486164
255.059003
208.067213
101.553697
366.165970
98.641038
93.076159
206.981727
111.033568
150.018851
107.951207
87.073729
264.043655
227.339484
108.817115
188.823929
111.742888
229.472375
145.685131
83.979107
106.124675
191.397371
129.901271
27.969219
203.920195
79.564169
170.052020
86.624438
34.176426
94.455800
59.895141
63.875657
198.052250
11.499138
180.916195
108.522981
64.591932
157.854714
118.141352
104.782720
93.758385
114.148639
94.634794
136.918016
73.606092
95.326023
75.998749
187.282090
76.253821
112.880096
97.783365
82.339625
103.390022
52.564873
64.631211
91.668719
82.172528
180.188337
165.845147
97.126497
84.493276
62.934459
63.446570
48.607609
60.121192
28.166262
175.523525
64.611127
71.316656
110.919393
66.468372
62.738858
51.625198
32.130459
107.197166
42.942122
71.565755
76.110569
41.712151
72.261287
30.101643
80.713391
55.046147
36.927151
54.377062
1.785768
18.222053
22.921895
51.415324
68.394377
78.382438
48.124171
61.741619
15.859683
41.734067
75.369467
70.970637
50.131442
112.927012
24.520834
54.328843
58.243474
22.631644
95.756534
63.239558
56.020045
97.140120
13.756520
36.964011
40.016034
26.805880
114.361919
19.428437
34.935998
29.374508
21.982948
24.680771
47.888744
84.293380
69.035478
84.218892
83.202147
66.813910
70.087106
52.266093
49.318329
54.899993
67.677922
14.198708
125.974734
17.382139
62.440510
125.301253
58.645977
51.647389
25.293128
56.248943
29.416956
69.023110
30.954467
88.452023
105.966646
83.368109
13.806918
100.448849
55.239154
43.285366
16.276574
57.490093
63.549052
13.555315
56.319424
65.383026
41.187609
58.247909
28.074367
55.843423
52.566457
42.834524
46.703584
100.472230
64.468562
56.120688
27.249811
64.121380
59.513160
45.317717
44.294808
93.244833
61.617830
60.499835
46.002229
2.993982
17.645596
65.253017
71.498137
51.582539
99.424662
80.850568
61.546874
40.462053
40.207968
21.005693
91.863392
22.857250
40.478840
45.157726
29.542833
112.618978
92.007292
38.962454
79.058718
30.650148
76.581706
16.639672
94.893510
92.665708
58.231935
85.205595
30.966360
20.337347
53.091564
66.515229
23.187435
59.640921
26.928560
44.105806
29.288210
158.051239
18.110470
7.461750
9.164699
34.554135
87.174112
72.860455
23.897775
93.962413
96.751213
36.822294
80.978009
54.565933
53.392283
87.653646
39.984171
30.907023
80.386999
26.814935
30.162902
51.975789
34.280897
20.797567
77.373504
20.257285
73.352161
49.314317
39.664905
69.591336
46.933556
38.260881
60.084889
10.665342
55.816245
29.137235
53.336006
46.318896
48.935255
66.686615
44.293614
32.973011
13.699014
64.187268
46.778827
17.992897
42.133647
56.289278
55.327947
129.010002
40.793237
33.950582
78.152162
35.612184
57.181991
12.939724
40.823295
70.212203
104.673037
41.443513
56.503603
63.601521
84.525751
52.089213
48.134251
26.266298
17.901281
22.999058
60.315735
19.139268
96.008937
55.267067
75.111081
108.737862
81.923744
40.564665
10.816478
33.626563
56.297463
57.881894
32.338737
44.966694
72.237811
45.630226
116.572005
71.640872
64.120674
63.881936
49.859583
22.152020
19.191791
23.571211
51.397376
60.828174
15.740942
14.239181
83.863096
76.448619
3.999844
46.592842
35.343904
22.497211
48.536739
87.984402
21.352042
59.477133
29.562505
46.696767
106.146581
54.658040
64.444166
21.834874
58.390424
48.946756
94.631091
74.211381
37.101223
32.044055
88.020278
32.838909
56.456427
14.022773
17.620039
15.135212
74.187064
24.381708
45.479737
135.406098
11.050704
59.213942
12.433544
44.382259
46.604198
48.308892
34.237997
32.269463
16.639030
20.763563
8.141091
40.343648
47.466288
37.519474
51.673143
75.947996
72.134305
89.467365
95.211897
32.641077
30.240792
17.475830
63.123583
39.172692
11.491763
86.183892
34.277055
23.102599
23.924030
16.054764
7.258925
50.050808
32.689690
44.459304
70.172700
46.947818
29.061614
40.080880
87.504888
14.178397
27.521651
37.371512
43.969647
50.835682
25.149818
9.527892
15.530147
52.235328
45.285040
29.139729
34.212692
22.731666
25.605948
41.996281
62.934882
55.659334
30.483048
36.907049
20.792395
54.772370
58.927656
21.611325
6.816481
35.451433
74.032291
25.421839
44.913915
27.355717
51.996744
30.544214
56.879506
6.985208
58.147740
12.677173
75.337858
34.851468
79.275727
17.695322
27.517099
24.689381
49.419950
28.298150
26.426281
68.942763
60.622804
62.120271
24.557086
14.777774
74.254628
80.547339
41.937958
19.690466
41.927753
60.341995
46.479249
27.881618
58.289291
44.511774
65.990834
76.553376
14.439893
82.890814
41.173097
29.594175
26.427618
21.708134
44.705400
48.918377
43.716814
33.112881
37.580738
53.741724
15.346887
51.776933
83.437082
57.921563
86.250511
32.707842
44.153913
33.931890
23.243064
75.401971
21.223990
46.850552
63.609567
39.494326
75.889324
25.780601
32.437777
11.831792
70.272028
37.497678
60.412546
36.311444
17.166003
32.737047
51.828338
35.583327
38.191813
30.421593
48.365223
9.967942
70.310405
97.251468
19.868576
13.485244
54.531156
40.481999
37.479090
17.775493
40.719606
34.517564
58.821036
28.555768
22.514583
76.636452
27.486132
46.757764
53.787785
35.369333
71.093826
28.293009
39.567535
32.523754
38.324901
37.608404
53.784576
44.031122
59.543394
12.749550
21.731625
60.525966
34.427073
69.624832
9.248229
3.681201
65.635212
31.694999
41.524721
26.317582
8.041960
52.395050
27.448759
37.075647
31.338880
32.916041
21.611435
28.697812
40.747463
76.811976
30.740693
34.391795
60.547197
41.337608
48.517149
18.913906
51.846884
70.416972
28.487125
16.276114
14.848152
27.722783
24.759309
13.641259
3.229460
78.429915
22.703238
17.177554
25.749635
20.224187
11.481013
44.109957
43.916340
20.975658
72.752803
25.304857
67.475307
29.565446
23.523605
26.691574
28.870233
46.437196
50.731789
20.724636
59.118407
17.162838
55.568857
27.434936
28.861379
23.014040
91.702942
43.964650
35.682717
34.919041
38.602496
43.957219
45.421456
51.874635
45.177972
12.095436
53.452351
20.689824
41.082451
36.772785
39.833690
18.279603
63.952178
22.084547
6.445719
60.958733
24.672551
41.459816
26.906113
49.405580
46.362940
52.163814
22.857948
23.280835
30.930485
36.371102
35.882536
59.592633
46.103931
47.209858
48.963454
64.362308
80.629906
70.191347
49.649083
26.655955
49.869010
54.957187
14.152460
54.501190
27.540272
44.205725
11.515922
50.622802
16.374041
46.212817
14.727085
45.724477
20.544031
24.108100
43.568472
59.489809
38.022160
24.253850
27.709968
19.909757
3.171006
19.711677
26.228193
47.309820
10.593903
3.703056
14.118567
1.050603
5.949811
53.525236
6.532290
36.547882
24.205891
71.901969
24.390138
44.086852
28.172283
49.288210
61.434898
36.143532
34.807475
71.848677
42.524657
35.557168
41.570617
40.704741
57.201762
27.270977
61.218188
21.441331
46.873739
8.368600
8.848220
6.656119
65.086488
19.658392
8.296155
58.865225
18.315325
62.976091
19.458025
24.182620
74.579829
38.891056
32.750728
29.876008
35.065517
20.439078
41.845667
47.409544
55.486083
52.965330
51.550900
29.690241
44.289501
47.311942
1.070762
31.370019
47.150999
20.185854
20.995508
32.896042
42.192463
12.858490
40.547954
12.694923
5.115192
9.207281
1.653835
33.176790
57.972481
38.969891
83.665440
31.232305
52.894266
42.016579
21.781956
23.613193
4.483629
32.747645
39.213866
26.359558
46.327864
77.448735
13.710717
41.718954
38.737500
10.549108
7.566589
35.438286
44.648963
44.168429
64.419399
27.782654
24.840629
30.591443
30.924247
3.360819
22.604047
64.303705
16.510425
15.410599
12.750092
27.686834
26.149802
37.360451
38.965349
27.387486
28.236171
22.157257
22.893921
36.482226
33.148570
30.954733
10.093149
40.106449
26.406684
12.220082
39.956367
8.880782
20.763774
30.606062
35.395705
24.425002
31.715240
35.395793
39.495048
15.160914
40.575698
25.787142
59.705078
5.062777
32.351576
43.445923
19.696677
27.759640
26.520816
15.894475
21.802818
28.270471
25.841158
5.494031
40.815901
33.995472
24.769638
68.524655
58.549895
20.918895
19.885623
37.410092
22.760918
21.512101
64.758343
23.846542
15.363453
24.832944
43.063202
36.288169
21.041459
1.613132
22.811782
18.180879
21.265222
11.502412
53.735447
33.123155
11.475364
47.671238
5.852942
39.962693
41.180573
18.241671
57.213135
58.670173
40.462413
47.095759
17.287457
3.249632
4.331819
15.289687
26.436561
10.316642
14.905123
2.118146
23.665915
25.765909
12.815857
29.906300
13.364078
21.970580
19.105195
24.444243
7.063517
20.054223
8.873519
33.716301
16.143122
18.733851
24.864455
40.380658
2.445097
16.874342
16.844282
16.969149
20.743719
45.332351
11.208974
23.869074
42.041501
6.374963
11.457740
24.958422
29.969204
16.089846
32.692612
13.310852
35.408128
20.503256
33.028635
13.774952
3.254835
27.204873
26.028275
13.095780
25.134878
24.364651
24.224372
19.128929
38.445726
40.235128
8.860900
44.964597
22.745188
39.173547
6.177994
17.016629
11.941010
25.519283
20.877438
14.999213
13.888179
34.822054
29.934917
17.116758
0.990520
18.222429
12.755158
10.243761
15.973319
3.802370
14.664317
36.731134
18.168451
7.451975
21.824343
7.462515
20.085475
35.848530
2.892126
3.409622
24.150504
16.898948
21.396462
45.017439
23.741792
26.136196
40.689668
13.022442
31.803261
28.870775
27.366516
38.911502
18.045425
8.984834
29.600898
30.640951
32.601736
17.132490
3.074330
7.117100
17.636934
3.340478
22.111185
22.374940
3.334183
20.142933
15.409481
21.084846
17.483337
54.888920
13.612274
25.642769
19.325747
33.457754
26.014591
27.397254
7.475336
16.511359
29.606946
24.679211
18.868067
14.875163
34.264783
7.692331
19.628748
16.947945
36.353509
12.253765
35.162708
19.935588
10.006211
25.127694
26.326333
32.669961
32.134797
9.660334
22.113251
6.541971
4.055374
28.158478
13.105678
15.461950
19.116897
14.002361
23.907458
3.121718
21.660077
24.962661
22.585120
42.168994
15.989733
40.560330
14.760965
25.388797
13.519444
33.927272
8.152134
11.840662
17.057063
9.380368
4.382026
7.058921
25.448431
29.313558
16.879071
19.640950
35.342020
10.244904
22.121303
11.325123
10.306280
28.995279
43.732347
11.283205
28.804554
19.704466
20.374956
15.646152
44.466496
9.338181
20.146291
46.843586
14.408435
43.252825
17.945893
6.454781
11.832145
46.339119
14.240059
11.011455
20.556676
11.430486
10.574387
31.004676
20.288739
12.434696
14.106667
39.262761
30.576138
47.336577
28.653200
17.207315
19.674152
36.205669
24.117687
28.430359
24.723683
2.196613
30.224790
12.784795
20.800097
20.770907
27.513813
3.694581
6.386444
21.878817
14.847660
15.378372
9.706954
8.394841
28.969229
20.362431
17.613720
22.351319
20.759332
13.613776
7.584941
24.166009
7.174588
23.200723
32.452818
14.663446
13.519871
15.560240
29.528261
30.261679
16.245448
12.529525
13.708506
19.702404
26.896366
21.513731
17.949001
51.140939
28.904844
23.344451
28.030751
7.975072
7.103832
29.746123
7.822335
14.120634
13.546332
17.423971
21.854378
23.976744
11.968084
46.274126
13.880570
36.328630
18.791884
8.219790
41.173711
17.456101
34.272640
13.796755
32.440439
26.106386
17.223837
14.197103
15.427704
23.271875
13.170983
15.447097
6.195678
40.685470
20.494881
6.908653
23.276472
12.921678
23.981733
10.088466
25.047484
19.493579
9.689816
11.021360
33.546226
10.582112
31.764571
23.613232
37.679409
19.707499
22.728129
8.873340
9.142623
17.593316
43.376857
31.432379
28.150541
4.604923
22.722449
15.202261
24.996017
18.150321
15.656428
4.333016
11.610863
25.536282
20.683869
16.547408
21.824582
26.097419
22.667929
29.799384
12.632861
25.411508
3.125332
7.676463
12.752364
32.247555
29.267856
24.977461
8.230210
28.120311
6.948314
19.388734
14.705577
32.620746
9.874531
13.217804
21.310054
11.892093
18.548205
15.315645
2.999708
43.252620
24.172569
19.210804
21.832286
18.868833
15.182019
8.309463
4.633063
27.206797
14.581624
15.733822
12.464354
23.127603
10.785394
17.142888
13.736056
27.814008
54.149252
19.264238
33.247793
21.914662
4.379066
25.418218
11.269307
24.591963
14.377952
16.301824
30.436489
16.613725
10.735196
30.197754
22.946190
48.448395
17.158301
23.884246
26.183963
14.663785
43.828598
58.400559
25.306887
19.441227
34.368352
23.171372
31.070248
41.568681
7.267374
18.881398
47.528071
12.410134
18.535362
39.865640
7.220917
8.871061
36.539582
30.595751
9.484637
17.487415
24.650963
9.603377
5.652270
38.006873
12.585750
0.731525
31.368990
1.328932
25.947586
35.945127
6.399139
21.790222
11.995600
27.251351
9.599237
15.724661
22.253579
16.221534
17.113295
11.920359
33.218312
13.671315
11.151650
10.343387
15.266691
14.309709
4.146728
3.733246
24.158369
10.076931
4.606930
20.623005
7.294699
18.985470
9.626887
18.092398
16.899612
11.992752
10.576328
29.899763
10.371915
33.514011
16.711303
12.265100
39.527463
35.780374
45.978295
32.891131
25.936577
9.965404
15.124046
33.010357
25.215897
26.763416
21.074303
4.100914
16.212570
26.966622
24.996991
15.785501
9.708235
13.461542
30.247804
11.778550
17.320350
19.533167
32.809112
17.083558
15.736188
16.270029
35.853446
30.304433
51.765826
19.773365
37.021300
27.183690
20.090318
7.041300
12.334584
17.983901
5.793891
26.098220
27.530215
47.282748
17.076673
17.386087
16.195214
13.440968
11.293381
21.992875
19.489935
20.954131
9.581600
5.075243
15.260867
25.652783
31.304582
25.457705
16.401528
22.467067
7.786287
14.071755
23.832781
5.440682
23.218629
3.561368
24.185632
18.921876
43.148586
7.934834
8.308559
6.204463
13.201512
26.355213
14.933131
36.092936
51.835691
7.849860
42.078282
23.757355
9.402994
22.046144
40.183046
47.749398
15.659139
25.497633
14.782473
16.463261
43.445629
23.850151
15.184920
7.622825
13.898460
15.747831
20.416673
25.493118
37.314811
22.933163
33.763602
7.563343
26.332933
22.823464
37.498741
13.260844
27.115711
61.649958
10.263638
28.507977
26.557497
20.121866
16.382310
24.806503
28.898802
11.254317
17.906783
33.893664
20.675221
10.773609
35.463333
27.621569
20.141453
32.113591
58.764295
10.956239
4.086737
25.310361
54.606335
20.877146
34.422947
36.360813
46.069185
40.814928
16.019494
46.584801
31.223776
28.749420
34.908526
6.217837
23.824695
31.991883
29.574162
29.382974
20.089365
24.092990
27.854257
14.225566
40.598758
45.053885
20.697616
47.217003
38.749818
24.852216
19.795245
27.217078
20.808066
14.763491
4.124927
35.108367
39.394806
12.981364
28.068444
39.041300
10.514187
11.235517
4.740474
16.249549
67.461877
29.156472
25.471118
70.723635
17.472101
9.010332
17.126672
16.922978
36.343731
30.136652
45.402980
35.673094
21.087184
9.153128
30.467747
25.268580
46.965133
5.433002
48.526361
34.543855
35.269008
31.843448
16.398977
15.362119
13.393866
5.622376
48.221953
25.155517
28.774028
5.872541
21.192322
35.229178
15.616023
18.036803
35.980603
16.235881
24.456571
3.952710
14.814375
37.986379
33.618800
12.352579
28.703887
34.023904
8.897732
27.005338
28.518293
50.511974
45.750692
14.857099
39.217476
31.121193
43.512972
10.209262
29.196502
18.710385
12.696600
13.539342
16.978687
38.101905
16.248812
23.380340
15.595867
33.594451
41.120933
25.765375
31.366722
8.468644
21.793130
39.745478
21.214992
18.650475
11.982231
28.783825
43.423830
9.546223
17.142796
32.255163
48.739852
40.250588
57.018596
12.011412
45.673527
27.478536
29.669584
67.653677
29.180349
43.307474
10.913751
25.545448
9.217845
49.458727
56.265231
38.826805
15.741331
8.532359
20.797176
24.425806
23.745405
28.468005
33.792251
15.221948
37.847727
11.501906
14.693636
20.476349
25.817386
28.020976
54.911945
6.543995
25.355565
25.161018
4.941972
38.474773
36.306699
13.265384
28.535035
22.409163
7.251889
57.765038
42.210805
13.008741
27.060754
33.084187
49.242571
35.906200
35.026892
25.709354
21.798770
26.866579
29.279744
6.239210
10.901909
31.623260
6.141166
4.837811
14.551644
20.044390
43.916236
15.365615
26.174596
14.274256
4.007004
20.125865
9.548925
19.499187
20.783996
25.735368
8.740631
37.543494
13.977995
26.237255
2.598214
40.078449
44.699687
9.499022
60.888692
16.811709
17.473936
21.945265
53.510347
47.212849
41.980445
35.576896
12.761821
30.326798
17.092078
14.776956
25.009373
45.200642
9.690308
10.875634
31.179871
38.093509
42.734352
10.087584
10.578876
22.073586
23.672031
26.054703
18.113813
48.211994
39.417964
23.994492
42.595026
13.133465
25.941320
22.040825
24.440993
40.892238
35.389992
48.393125
7.959276
6.386919
32.392098
15.710355
49.242047
13.743912
7.823262
20.558441
11.469966
24.168307
34.001554
13.023584
19.926426
21.608881
17.508440
5.102702
28.922965
70.621761
38.234674
36.193635
27.361822
21.372539
58.883789
20.827649
5.444494
14.027794
25.743477
15.987135
22.113442
42.995486
32.443243
22.492009
10.383159
24.373411
41.037520
19.440397
33.562542
67.093388
15.312063
36.427099
24.768749
37.293285
22.089964
36.334611
62.457691
7.600127
43.883602
45.538695
16.234782
20.702040
24.535780
29.685058
29.518829
38.675765
13.027499
13.454180
33.157181
39.453585
53.649609
13.090812
27.150624
1.764308
13.960448
13.671320
17.391227
20.884892
50.469012
50.556598
13.537231
23.891523
15.854034
23.719894
16.793255
24.844459
27.995756
33.428295
39.182806
32.625448
19.711528
18.082826
8.612841
19.226001
16.101824
29.378396
37.436377
4.100725
29.999439
14.951193
25.503535
33.594411
5.169467
37.197555
7.087813
11.663690
29.889174
37.912765
9.935030
9.529485
17.569486
27.696899
23.357444
23.291224
16.992925
36.038637
27.944632
26.105842
29.569622
37.475398
14.683319
20.285586
3.121295
2.138591
13.282402
25.935332
17.829577
37.549722
15.753095
10.314081
63.366317
10.935861
47.055966
13.560215
25.953156
27.189132
27.910658
40.557875
25.774647
22.739152
18.589943
28.543251
19.467498
37.260030
20.075004
43.676918
27.326075
3.351714
33.549449
43.083003
60.156070
14.922050
37.960727
3.717796
23.872789
14.069517
14.831615
7.891506
37.876296
34.230370
28.318103
29.540632
13.518398
22.038021
25.410122
12.609010
13.312681
17.081602
36.326858
46.001441
48.147161
9.920958
15.660920
43.884552
27.848112
8.165670
42.943560
37.340663
4.066865
14.413324
46.119276
37.211361
30.704170
33.911077
36.087969
16.043419
15.692558
28.883651
30.211819
38.335371
24.165182
3.647640
10.099401
18.923609
38.599655
11.611669
18.413289
28.410482
26.303478
28.741298
16.924033
13.531144
16.746958
35.730276
6.251290
44.195611
16.094968
85.094980
26.978597
46.676849
11.697927
17.016140
10.857315
42.333214
40.309782
18.450150
13.722110
11.097883
39.520801
41.646186
58.038221
38.223913
31.470542
58.043829
21.012523
37.419640
26.241730
10.799148
44.136618
46.365581
30.491200
11.234349
24.861595
24.472160
49.723072
29.201382
32.409662
33.129280
27.447101
19.981299
15.870908
13.061099
20.228264
15.157346
40.644258
42.048219
53.666758
35.565947
26.324681
19.573167
18.123778
17.788394
29.969708
44.492717
44.479295
11.663233
12.694099
34.509742
75.988124
7.929125
21.715359
21.584972
33.048574
32.002216
35.541424
17.369460
21.607428
36.566017
30.216023
19.496492
29.433080
8.313827
21.850726
9.353929
35.500428
37.521519
37.938730
19.064890
35.608603
31.265766
28.037585
33.591974
13.229401
20.344195
30.219783
35.283646
63.303449
37.853967
14.887122
22.340722
28.643125
13.475721
45.637914
16.240031
8.885218
50.853947
54.628147
15.522116
35.397843
13.574209
12.397929
27.746437
38.872845
72.934496
30.957339
24.479105
9.108167
31.019929
36.812697
30.460830
71.411662
14.488520
17.477215
26.001995
38.489970
49.120247
23.279957
30.778956
15.877562
43.923810
36.736770
52.676756
44.291012
16.352784
21.884745
27.699477
16.384666
48.780871
39.535229
14.009431
10.790181
35.751631
38.845558
18.537704
21.827647
22.167114
41.476092
53.439708
35.959428
34.467419
39.591003
4.094731
13.468313
9.187818
58.872549
59.394242
27.464395
31.587438
25.899478
44.029288
71.377078
6.340471
12.030076
11.986510
12.166686
48.011782
27.703263
12.898591
17.635788
23.975033
28.645745
1.844004
18.327881
14.621308
25.684943
27.530920
13.556448
1.105574
17.223093
28.164930
55.522055
28.527011
1.390191
37.818251
17.788973
34.163414
34.450774
18.234423
28.322530
25.539262
13.649822
20.686126
44.391692
11.307561
38.011064
24.519560
56.465047
22.162127
18.074528
18.629619
29.793827
41.359198
45.646398
27.166163
12.671840
4.072289
19.210804
18.450559
31.225732
19.304342
34.940781
34.938422
20.589580
10.087110
26.687959
13.895439
11.598441
9.212036
16.651060
30.738035
11.519793
23.101470
13.511982
47.532371
49.318721
19.962170
31.805382
16.814700
12.847737
37.845820
50.165492
19.531233
4.223631
19.949983
14.859213
34.468662
20.342944
19.420502
26.130649
44.870137
60.348133
33.210376
37.594713
56.679802
45.707802
23.033043
27.484196
8.481581
42.302953
50.658512
7.404436
19.536728
10.383046
33.616161
17.453821
55.813299
27.887076
32.067878
29.952399
24.887800
12.045971
23.360868
26.285143
11.393376
36.342683
34.183167
28.032291
28.276560
61.186793
75.139700
38.015975
30.801759
23.166655
48.085136
19.789046
20.559305
7.623439
28.503316
31.540705
40.497128
33.082159
19.146023
24.431038
20.114803
29.847982
23.194265
17.610891
26.302973
18.716749
15.019468
8.690502
15.876523
33.649423
10.326737
25.588948
21.249690
19.788299
12.314117
38.526937
4.928995
48.251545
55.368304
39.260328
40.039310
10.351552
11.522354
43.063635
37.192993
42.851848
22.369019
21.288968
28.922503
34.081868
1.154341
22.505397
48.959978
19.613991
31.778018
18.895098
6.041803
38.789096
24.809682
50.132050
31.849534
14.659176
10.519095
29.045984
29.365433
11.343213
25.045330
20.508802
30.270685
51.455212
50.145700
17.986350
19.901264
19.207148
30.140461
28.933044
3.558316
20.032141
33.975567
37.850897
1.089191
28.775503
54.914994
43.950647
24.540480
7.220560
13.189891
34.325100
18.509163
65.732013
18.478063
19.066653
42.883524
38.569413
13.960713
2.986016
24.648612
10.914637
25.154404
28.549515
27.237683
24.327879
18.258917
6.821540
26.817093
58.405327
14.478971
19.392937
41.997945
25.584826
38.368407
39.683472
8.130605
39.806660
35.238407
19.058032
20.902126
26.282537
10.419168
48.888890
14.803881
18.186710
26.084898
47.333502
31.365363
15.456410
42.832817
61.191360
29.186120
24.220751
39.235231
19.237136
7.605206
13.714085
47.781990
31.423177
28.244221
7.374814
21.884308
34.251530
42.302594
49.003991
11.368615
34.125481
16.810945
13.412885
14.260592
28.036615
19.903292
42.634514
8.349921
57.709370
52.205370
22.838780
70.159419
41.202021
36.175974
30.902506
50.121977
47.996299
50.121977
30.902506
36.175974
41.202021
70.159419
22.838780
52.205370
57.709370
8.349921
42.634514
19.903292
28.036615
14.260592
13.412885
16.810945
34.125481
11.368615
49.003991
42.302594
34.251530
21.884308
7.374814
28.244221
31.423177
47.781990
13.714085
7.605206
19.237136
39.235231
24.220751
29.186120
61.191360
42.832817
15.456410
31.365363
47.333502
26.084898
18.186710
14.803881
48.888890
10.419168
26.282537
20.902126
19.058032
35.238407
39.806660
8.130605
39.683472
38.368407
25.584826
41.997945
19.392937
14.478971
58.405327
26.817093
6.821540
18.258917
24.327879
27.237683
28.549515
25.154404
10.914637
24.648612
2.986016
13.960713
38.569413
42.883524
19.066653
18.478063
65.732013
18.509163
34.325100
13.189891
7.220560
24.540480
43.950647
54.914994
28.775503
1.089191
37.850897
33.975567
20.032141
3.558316
28.933044
30.140461
19.207148
19.901264
17.986350
50.145700
51.455212
30.270685
20.508802
25.045330
11.343213
29.365433
29.045984
10.519095
14.659176
31.849534
50.132050
24.809682
38.789096
6.041803
18.895098
31.778018
19.613991
48.959978
22.505397
1.154341
34.081868
28.922503
21.288968
22.369019
42.851848
37.192993
43.063635
11.522354
10.351552
40.039310
39.260328
55.368304
48.251545
4.928995
38.526937
12.314117
19.788299
21.249690
25.588948
10.326737
33.649423
15.876523
8.690502
15.019468
18.716749
26.302973
17.610891
23.194265
29.847982
20.114803
24.431038
19.146023
33.082159
40.497128
31.540705
28.503316
7.623439
20.559305
19.789046
48.085136
23.166655
30.801759
38.015975
75.139700
61.186793
28.276560
28.032291
34.183167
36.342683
11.393376
26.285143
23.360868
12.045971
24.887800
29.952399
32.067878
27.887076
55.813299
17.453821
33.616161
10.383046
19.536728
7.404436
50.658512
42.302953
8.481581
27.484196
23.033043
45.707802
56.679802
37.594713
33.210376
60.348133
44.870137
26.130649
19.420502
20.342944
34.468662
14.859213
19.949983
4.223631
19.531233
50.165492
37.845820
12.847737
16.814700
31.805382
19.962170
49.318721
47.532371
13.511982
23.101470
11.519793
30.738035
16.651060
9.212036
11.598441
13.895439
26.687959
10.087110
20.589580
34.938422
34.940781
19.304342
31.225732
18.450559
19.210804
4.072289
12.671840
27.166163
45.646398
41.359198
29.793827
18.629619
18.074528
22.162127
56.465047
24.519560
38.011064
11.307561
44.391692
20.686126
13.649822
25.539262
28.322530
18.234423
34.450774
34.163414
17.788973
37.818251
1.390191
28.527011
55.522055
28.164930
17.223093
1.105574
13.556448
27.530920
25.684943
14.621308
18.327881
1.844004
28.645745
23.975033
17.635788
12.898591
27.703263
48.011782
12.166686
11.986510
12.030076
6.340471
71.377078
44.029288
25.899478
31.587438
27.464395
59.394242
58.872549
9.187818
13.468313
4.094731
39.591003
34.467419
35.959428
53.439708
41.476092
22.167114
21.827647
18.537704
38.845558
35.751631
10.790181
14.009431
39.535229
48.780871
16.384666
27.699477
21.884745
16.352784
44.291012
52.676756
36.736770
43.923810
15.877562
30.778956
23.279957
49.120247
38.489970
26.001995
17.477215
14.488520
71.411662
30.460830
36.812697
31.019929
9.108167
24.479105
30.957339
72.934496
38.872845
27.746437
12.397929
13.574209
35.397843
15.522116
54.628147
50.853947
8.885218
16.240031
45.637914
13.475721
28.643125
22.340722
14.887122
37.853967
63.303449
35.283646
30.219783
20.344195
13.229401
33.591974
28.037585
31.265766
35.608603
19.064890
37.938730
37.521519
35.500428
9.353929
21.850726
8.313827
29.433080
19.496492
30.216023
36.566017
21.607428
17.369460
35.541424
32.002216
33.048574
21.584972
21.715359
7.929125
75.988124
34.509742
12.694099
11.663233
44.479295
44.492717
29.969708
17.788394
18.123778
19.573167
26.324681
35.565947
53.666758
42.048219
40.644258
15.157346
20.228264
13.061099
15.870908
19.981299
27.447101
33.129280
32.409662
29.201382
49.723072
24.472160
24.861595
11.234349
30.491200
46.365581
44.136618
10.799148
26.241730
37.419640
21.012523
58.043829
31.470542
38.223913
58.038221
41.646186
39.520801
11.097883
13.722110
18.450150
40.309782
42.333214
10.857315
17.016140
11.697927
46.676849
26.978597
85.094980
16.094968
44.195611
6.251290
35.730276
16.746958
13.531144
16.924033
28.741298
26.303478
28.410482
18.413289
11.611669
38.599655
18.923609
10.099401
3.647640
24.165182
38.335371
30.211819
28.883651
15.692558
16.043419
36.087969
33.911077
30.704170
37.211361
46.119276
14.413324
4.066865
37.340663
42.943560
8.165670
27.848112
43.884552
15.660920
9.920958
48.147161
46.001441
36.326858
17.081602
13.312681
12.609010
25.410122
22.038021
13.518398
29.540632
28.318103
34.230370
37.876296
7.891506
14.831615
14.069517
23.872789
3.717796
37.960727
14.922050
60.156070
43.083003
33.549449
3.351714
27.326075
43.676918
20.075004
37.260030
19.467498
28.543251
18.589943
22.739152
25.774647
40.557875
27.910658
27.189132
25.953156
13.560215
47.055966
10.935861
63.366317
10.314081
15.753095
37.549722
17.829577
25.935332
13.282402
2.138591
3.121295
20.285586
14.683319
37.475398
29.569622
26.105842
27.944632
36.038637
16.992925
23.291224
23.357444
27.696899
17.569486
9.529485
9.935030
37.912765
29.889174
11.663690
7.087813
37.197555
5.169467
33.594411
25.503535
14.951193
29.999439
4.100725
37.436377
29.378396
16.101824
19.226001
8.612841
18.082826
19.711528
32.625448
39.182806
33.428295
27.995756
24.844459
16.793255
23.719894
15.854034
23.891523
13.537231
50.556598
50.469012
20.884892
17.391227
13.671320
13.960448
1.764308
27.150624
13.090812
53.649609
39.453585
33.157181
13.454180
13.027499
38.675765
29.518829
29.685058
24.535780
20.702040
16.234782
45.538695
43.883602
7.600127
62.457691
36.334611
22.089964
37.293285
24.768749
36.427099
15.312063
67.093388
33.562542
19.440397
41.037520
24.373411
10.383159
22.492009
32.443243
42.995486
22.113442
15.987135
25.743477
14.027794
5.444494
20.827649
58.883789
21.372539
27.361822
36.193635
38.234674
70.621761
28.922965
5.102702
17.508440
21.608881
19.926426
13.023584
34.001554
24.168307
11.469966
20.558441
7.823262
13.743912
49.242047
15.710355
32.392098
6.386919
7.959276
48.393125
35.389992
40.892238
24.440993
22.040825
25.941320
13.133465
42.595026
23.994492
39.417964
48.211994
18.113813
26.054703
23.672031
22.073586
10.578876
10.087584
42.734352
38.093509
31.179871
10.875634
9.690308
45.200642
25.009373
14.776956
17.092078
30.326798
12.761821
35.576896
41.980445
47.212849
53.510347
21.945265
17.473936
16.811709
60.888692
9.499022
44.699687
40.078449
2.598214
26.237255
13.977995
37.543494
8.740631
25.735368
20.783996
19.499187
9.548925
20.125865
4.007004
14.274256
26.174596
15.365615
43.916236
20.044390
14.551644
4.837811
6.141166
31.623260
10.901909
6.239210
29.279744
26.866579
21.798770
25.709354
35.026892
35.906200
49.242571
33.084187
27.060754
13.008741
42.210805
57.765038
7.251889
22.409163
28.535035
13.265384
36.306699
38.474773
4.941972
25.161018
25.355565
6.543995
54.911945
28.020976
25.817386
20.476349
14.693636
11.501906
37.847727
15.221948
33.792251
28.468005
23.745405
24.425806
20.797176
8.532359
15.741331
38.826805
56.265231
49.458727
9.217845
25.545448
10.913751
43.307474
29.180349
67.653677
29.669584
27.478536
45.673527
12.011412
57.018596
40.250588
48.739852
32.255163
17.142796
9.546223
43.423830
28.783825
11.982231
18.650475
21.214992
39.745478
21.793130
8.468644
31.366722
25.765375
41.120933
33.594451
15.595867
23.380340
16.248812
38.101905
16.978687
13.539342
12.696600
18.710385
29.196502
10.209262
43.512972
31.121193
39.217476
14.857099
45.750692
50.511974
28.518293
27.005338
8.897732
34.023904
28.703887
12.352579
33.618800
37.986379
14.814375
3.952710
24.456571
16.235881
35.980603
18.036803
15.616023
35.229178
21.192322
5.872541
28.774028
25.155517
48.221953
5.622376
13.393866
15.362119
16.398977
31.843448
35.269008
34.543855
48.526361
5.433002
46.965133
25.268580
30.467747
9.153128
21.087184
35.673094
45.402980
30.136652
36.343731
16.922978
17.126672
9.010332
17.472101
70.723635
25.471118
29.156472
67.461877
16.249549
4.740474
11.235517
10.514187
39.041300
28.068444
12.981364
39.394806
35.108367
4.124927
14.763491
20.808066
27.217078
19.795245
24.852216
38.749818
47.217003
20.697616
45.053885
40.598758
14.225566
27.854257
24.092990
20.089365
29.382974
29.574162
31.991883
23.824695
6.217837
34.908526
28.749420
31.223776
46.584801
16.019494
40.814928
46.069185
36.360813
34.422947
20.877146
54.606335
25.310361
4.086737
10.956239
58.764295
32.113591
20.141453
27.621569
35.463333
10.773609
20.675221
33.893664
17.906783
11.254317
28.898802
24.806503
16.382310
20.121866
26.557497
28.507977
10.263638
61.649958
27.115711
13.260844
37.498741
22.823464
26.332933
7.563343
33.763602
22.933163
37.314811
25.493118
20.416673
15.747831
13.898460
7.622825
15.184920
23.850151
43.445629
16.463261
14.782473
25.497633
15.659139
47.749398
40.183046
22.046144
9.402994
23.757355
42.078282
7.849860
51.835691
36.092936
14.933131
26.355213
13.201512
6.204463
8.308559
7.934834
43.148586
18.921876
24.185632
3.561368
23.218629
5.440682
23.832781
14.071755
7.786287
22.467067
16.401528
25.457705
31.304582
25.652783
15.260867
5.075243
9.581600
20.954131
19.489935
21.992875
11.293381
13.440968
16.195214
17.386087
17.076673
47.282748
27.530215
26.098220
5.793891
17.983901
12.334584
7.041300
20.090318
27.183690
37.021300
19.773365
51.765826
30.304433
35.853446
16.270029
15.736188
17.083558
32.809112
19.533167
17.320350
11.778550
30.247804
13.461542
9.708235
15.785501
24.996991
26.966622
16.212570
4.100914
21.074303
26.763416
25.215897
33.010357
15.124046
9.965404
25.936577
32.891131
45.978295
35.780374
39.527463
12.265100
16.711303
33.514011
10.371915
29.899763
10.576328
11.992752
16.899612
18.092398
9.626887
18.985470
7.294699
20.623005
4.606930
10.076931
24.158369
3.733246
4.146728
14.309709
15.266691
10.343387
11.151650
13.671315
33.218312
11.920359
17.113295
16.221534
22.253579
15.724661
9.599237
27.251351
11.995600
21.790222
6.399139
35.945127
25.947586
1.328932
31.368990
0.731525
12.585750
38.006873
5.652270
9.603377
24.650963
17.487415
9.484637
30.595751
36.539582
8.871061
7.220917
39.865640
18.535362
12.410134
47.528071
18.881398
7.267374
41.568681
31.070248
23.171372
34.368352
19.441227
25.306887
58.400559
43.828598
14.663785
26.183963
23.884246
17.158301
48.448395
22.946190
30.197754
10.735196
16.613725
30.436489
16.301824
14.377952
24.591963
11.269307
25.418218
4.379066
21.914662
33.247793
19.264238
54.149252
27.814008
13.736056
17.142888
10.785394
23.127603
12.464354
15.733822
14.581624
27.206797
4.633063
8.309463
15.182019
18.868833
21.832286
19.210804
24.172569
43.252620
2.999708
15.315645
18.548205
11.892093
21.310054
13.217804
9.874531
32.620746
14.705577
19.388734
6.948314
28.120311
8.230210
24.977461
29.267856
32.247555
12.752364
7.676463
3.125332
25.411508
12.632861
29.799384
22.667929
26.097419
21.824582
16.547408
20.683869
25.536282
11.610863
4.333016
15.656428
18.150321
24.996017
15.202261
22.722449
4.604923
28.150541
31.432379
43.376857
17.593316
9.142623
8.873340
22.728129
19.707499
37.679409
23.613232
31.764571
10.582112
33.546226
11.021360
9.689816
19.493579
25.047484
10.088466
23.981733
12.921678
23.276472
6.908653
20.494881
40.685470
6.195678
15.447097
13.170983
23.271875
15.427704
14.197103
17.223837
26.106386
32.440439
13.796755
34.272640
17.456101
41.173711
8.219790
18.791884
36.328630
13.880570
46.274126
11.968084
23.976744
21.854378
17.423971
13.546332
14.120634
7.822335
29.746123
7.103832
7.975072
28.030751
23.344451
28.904844
51.140939
17.949001
21.513731
26.896366
19.702404
13.708506
12.529525
16.245448
30.261679
29.528261
15.560240
13.519871
14.663446
32.452818
23.200723
7.174588
24.166009
7.584941
13.613776
20.759332
22.351319
17.613720
20.362431
28.969229
8.394841
9.706954
15.378372
14.847660
21.878817
6.386444
3.694581
27.513813
20.770907
20.800097
12.784795
30.224790
2.196613
24.723683
28.430359
24.117687
36.205669
19.674152
17.207315
28.653200
47.336577
30.576138
39.262761
14.106667
12.434696
20.288739
31.004676
10.574387
11.430486
20.556676
11.011455
14.240059
46.339119
11.832145
6.454781
17.945893
43.252825
14.408435
46.843586
20.146291
9.338181
44.466496
15.646152
20.374956
19.704466
28.804554
11.283205
43.732347
28.995279
10.306280
11.325123
22.121303
10.244904
35.342020
19.640950
16.879071
29.313558
25.448431
7.058921
4.382026
9.380368
17.057063
11.840662
8.152134
33.927272
13.519444
25.388797
14.760965
40.560330
15.989733
42.168994
22.585120
24.962661
21.660077
3.121718
23.907458
14.002361
19.116897
15.461950
13.105678
28.158478
4.055374
6.541971
22.113251
9.660334
32.134797
32.669961
26.326333
25.127694
10.006211
19.935588
35.162708
12.253765
36.353509
16.947945
19.628748
7.692331
34.264783
14.875163
18.868067
24.679211
29.606946
16.511359
7.475336
27.397254
26.014591
33.457754
19.325747
25.642769
13.612274
54.888920
17.483337
21.084846
15.409481
20.142933
3.334183
22.374940
22.111185
3.340478
17.636934
7.117100
3.074330
17.132490
32.601736
30.640951
29.600898
8.984834
18.045425
38.911502
27.366516
28.870775
31.803261
13.022442
40.689668
26.136196
23.741792
45.017439
21.396462
16.898948
24.150504
3.409622
2.892126
35.848530
20.085475
7.462515
21.824343
7.451975
18.168451
36.731134
14.664317
3.802370
15.973319
10.243761
12.755158
18.222429
0.990520
17.116758
29.934917
34.822054
13.888179
14.999213
20.877438
25.519283
11.941010
17.016629
6.177994
39.173547
22.745188
44.964597
8.860900
40.235128
38.445726
19.128929
24.224372
24.364651
25.134878
13.095780
26.028275
27.204873
3.254835
13.774952
33.028635
20.503256
35.408128
13.310852
32.692612
16.089846
29.969204
24.958422
11.457740
6.374963
42.041501
23.869074
11.208974
45.332351
20.743719
16.969149
16.844282
16.874342
2.445097
40.380658
24.864455
18.733851
16.143122
33.716301
8.873519
20.054223
7.063517
24.444243
19.105195
21.970580
13.364078
29.906300
12.815857
25.765909
23.665915
2.118146
14.905123
10.316642
26.436561
15.289687
4.331819
3.249632
17.287457
47.095759
40.462413
58.670173
57.213135
18.241671
41.180573
39.962693
5.852942
47.671238
11.475364
33.123155
53.735447
11.502412
21.265222
18.180879
22.811782
1.613132
21.041459
36.288169
43.063202
24.832944
15.363453
23.846542
64.758343
21.512101
22.760918
37.410092
19.885623
20.918895
58.549895
68.524655
24.769638
33.995472
40.815901
5.494031
25.841158
28.270471
21.802818
15.894475
26.520816
27.759640
19.696677
43.445923
32.351576
5.062777
59.705078
25.787142
40.575698
15.160914
39.495048
35.395793
31.715240
24.425002
35.395705
30.606062
20.763774
8.880782
39.956367
12.220082
26.406684
40.106449
10.093149
30.954733
33.148570
36.482226
22.893921
22.157257
28.236171
27.387486
38.965349
37.360451
26.149802
27.686834
12.750092
15.410599
16.510425
64.303705
22.604047
3.360819
30.924247
30.591443
24.840629
27.782654
64.419399
44.168429
44.648963
35.438286
7.566589
10.549108
38.737500
41.718954
13.710717
77.448735
46.327864
26.359558
39.213866
32.747645
4.483629
23.613193
21.781956
42.016579
52.894266
31.232305
83.665440
38.969891
57.972481
33.176790
1.653835
9.207281
5.115192
12.694923
40.547954
12.858490
42.192463
32.896042
20.995508
20.185854
47.150999
31.370019
1.070762
47.311942
44.289501
29.690241
51.550900
52.965330
55.486083
47.409544
41.845667
20.439078
35.065517
29.876008
32.750728
38.891056
74.579829
24.182620
19.458025
62.976091
18.315325
58.865225
8.296155
19.658392
65.086488
6.656119
8.848220
8.368600
46.873739
21.441331
61.218188
27.270977
57.201762
40.704741
41.570617
35.557168
42.524657
71.848677
34.807475
36.143532
61.434898
49.288210
28.172283
44.086852
24.390138
71.901969
24.205891
36.547882
6.532290
53.525236
5.949811
1.050603
14.118567
3.703056
10.593903
47.309820
26.228193
19.711677
3.171006
19.909757
27.709968
24.253850
38.022160
59.489809
43.568472
24.108100
20.544031
45.724477
14.727085
46.212817
16.374041
50.622802
11.515922
44.205725
27.540272
54.501190
14.152460
54.957187
49.869010
26.655955
49.649083
70.191347
80.629906
64.362308
48.963454
47.209858
46.103931
59.592633
35.882536
36.371102
30.930485
23.280835
22.857948
52.163814
46.362940
49.405580
26.906113
41.459816
24.672551
60.958733
6.445719
22.084547
63.952178
18.279603
39.833690
36.772785
41.082451
20.689824
53.452351
12.095436
45.177972
51.874635
45.421456
43.957219
38.602496
34.919041
35.682717
43.964650
91.702942
23.014040
28.861379
27.434936
55.568857
17.162838
59.118407
20.724636
50.731789
46.437196
28.870233
26.691574
23.523605
29.565446
67.475307
25.304857
72.752803
20.975658
43.916340
44.109957
11.481013
20.224187
25.749635
17.177554
22.703238
78.429915
3.229460
13.641259
24.759309
27.722783
14.848152
16.276114
28.487125
70.416972
51.846884
18.913906
48.517149
41.337608
60.547197
34.391795
30.740693
76.811976
40.747463
28.697812
21.611435
32.916041
31.338880
37.075647
27.448759
52.395050
8.041960
26.317582
41.524721
31.694999
65.635212
3.681201
9.248229
69.624832
34.427073
60.525966
21.731625
12.749550
59.543394
44.031122
53.784576
37.608404
38.324901
32.523754
39.567535
28.293009
71.093826
35.369333
53.787785
46.757764
27.486132
76.636452
22.514583
28.555768
58.821036
34.517564
40.719606
17.775493
37.479090
40.481999
54.531156
13.485244
19.868576
97.251468
70.310405
9.967942
48.365223
30.421593
38.191813
35.583327
51.828338
32.737047
17.166003
36.311444
60.412546
37.497678
70.272028
11.831792
32.437777
25.780601
75.889324
39.494326
63.609567
46.850552
21.223990
75.401971
23.243064
33.931890
44.153913
32.707842
86.250511
57.921563
83.437082
51.776933
15.346887
53.741724
37.580738
33.112881
43.716814
48.918377
44.705400
21.708134
26.427618
29.594175
41.173097
82.890814
14.439893
76.553376
65.990834
44.511774
58.289291
27.881618
46.479249
60.341995
41.927753
19.690466
41.937958
80.547339
74.254628
14.777774
24.557086
62.120271
60.622804
68.942763
26.426281
28.298150
49.419950
24.689381
27.517099
17.695322
79.275727
34.851468
75.337858
12.677173
58.147740
6.985208
56.879506
30.544214
51.996744
27.355717
44.913915
25.421839
74.032291
35.451433
6.816481
21.611325
58.927656
54.772370
20.792395
36.907049
30.483048
55.659334
62.934882
41.996281
25.605948
22.731666
34.212692
29.139729
45.285040
52.235328
15.530147
9.527892
25.149818
50.835682
43.969647
37.371512
27.521651
14.178397
87.504888
40.080880
29.061614
46.947818
70.172700
44.459304
32.689690
50.050808
7.258925
16.054764
23.924030
23.102599
34.277055
86.183892
11.491763
39.172692
63.123583
17.475830
30.240792
32.641077
95.211897
89.467365
72.134305
75.947996
51.673143
37.519474
47.466288
40.343648
8.141091
20.763563
16.639030
32.269463
34.237997
48.308892
46.604198
44.382259
12.433544
59.213942
11.050704
135.406098
45.479737
24.381708
74.187064
15.135212
17.620039
14.022773
56.456427
32.838909
88.020278
32.044055
37.101223
74.211381
94.631091
48.946756
58.390424
21.834874
64.444166
54.658040
106.146581
46.696767
29.562505
59.477133
21.352042
87.984402
48.536739
22.497211
35.343904
46.592842
3.999844
76.448619
83.863096
14.239181
15.740942
60.828174
51.397376
23.571211
19.191791
22.152020
49.859583
63.881936
64.120674
71.640872
116.572005
45.630226
72.237811
44.966694
32.338737
57.881894
56.297463
33.626563
10.816478
40.564665
81.923744
108.737862
75.111081
55.267067
96.008937
19.139268
60.315735
22.999058
17.901281
26.266298
48.134251
52.089213
84.525751
63.601521
56.503603
41.443513
104.673037
70.212203
40.823295
12.939724
57.181991
35.612184
78.152162
33.950582
40.793237
129.010002
55.327947
56.289278
42.133647
17.992897
46.778827
64.187268
13.699014
32.973011
44.293614
66.686615
48.935255
46.318896
53.336006
29.137235
55.816245
10.665342
60.084889
38.260881
46.933556
69.591336
39.664905
49.314317
73.352161
20.257285
77.373504
20.797567
34.280897
51.975789
30.162902
26.814935
80.386999
30.907023
39.984171
87.653646
53.392283
54.565933
80.978009
36.822294
96.751213
93.962413
23.897775
72.860455
87.174112
34.554135
9.164699
7.461750
18.110470
158.051239
29.288210
44.105806
26.928560
59.640921
23.187435
66.515229
53.091564
20.337347
30.966360
85.205595
58.231935
92.665708
94.893510
16.639672
76.581706
30.650148
79.058718
38.962454
92.007292
112.618978
29.542833
45.157726
40.478840
22.857250
91.863392
21.005693
40.207968
40.462053
61.546874
80.850568
99.424662
51.582539
71.498137
65.253017
17.645596
2.993982
46.002229
60.499835
61.617830
93.244833
44.294808
45.317717
59.513160
64.121380
27.249811
56.120688
64.468562
100.472230
46.703584
42.834524
52.566457
55.843423
28.074367
58.247909
41.187609
65.383026
56.319424
13.555315
63.549052
57.490093
16.276574
43.285366
55.239154
100.448849
13.806918
83.368109
105.966646
88.452023
30.954467
69.023110
29.416956
56.248943
25.293128
51.647389
58.645977
125.301253
62.440510
17.382139
125.974734
14.198708
67.677922
54.899993
49.318329
52.266093
70.087106
66.813910
83.202147
84.218892
69.035478
84.293380
47.888744
24.680771
21.982948
29.374508
34.935998
19.428437
114.361919
26.805880
40.016034
36.964011
13.756520
97.140120
56.020045
63.239558
95.756534
22.631644
58.243474
54.328843
24.520834
112.927012
50.131442
70.970637
75.369467
41.734067
15.859683
61.741619
48.124171
78.382438
68.394377
51.415324
22.921895
18.222053
1.785768
54.377062
36.927151
55.046147
80.713391
30.101643
72.261287
41.712151
76.110569
71.565755
42.942122
107.197166
32.130459
51.625198
62.738858
66.468372
110.919393
71.316656
64.611127
175.523525
28.166262
60.121192
48.607609
63.446570
62.934459
84.493276
97.126497
165.845147
180.188337
82.172528
91.668719
64.631211
52.564873
103.390022
82.339625
97.783365
112.880096
76.253821
187.282090
75.998749
95.326023
73.606092
136.918016
94.634794
114.148639
93.758385
104.782720
118.141352
157.854714
64.591932
108.522981
180.916195
11.499138
198.052250
63.875657
59.895141
94.455800
34.176426
86.624438
170.052020
79.564169
203.920195
27.969219
129.901271
191.397371
106.124675
83.979107
145.685131
229.472375
111.742888
188.823929
108.817115
227.339484
264.043655
87.073729
107.951207
150.018851
111.033568
206.981727
93.076159
98.641038
366.165970
101.553697
208.067213
255.059003
212.486164
94.225939
164.448985
179.351497
179.526555
44.953859
169.751166
336.152252
80.453919
131.632092
284.477371
320.256454
94.540111
376.473817
187.161504
162.112561
62.310990
199.574411
227.054302
309.822213
163.191792
412.818576
299.375428
127.045278
116.786527
60.924750
199.124187
159.414313
90.520571
146.648927
140.614252
193.374507
170.397207
259.723228
155.036365
147.006038
109.263340
153.336958
333.486839
316.215074
192.482213
292.004845
236.714502
120.528044
89.932165
166.181707
203.344691
167.266163
58.820051
137.614888
404.376744
96.593844
122.003364
294.284258
145.661269
159.158907
26.378185
179.104918
196.299468
170.712998
286.566314
149.596769
174.598640
214.250779
262.477054
43.422993
72.286693
186.072655
131.813289
216.203189
215.145799
113.550667
97.329894
145.679641
217.158831
154.332074
135.195613
163.880398
46.878115
107.550897
146.690596
111.920148
33.744023
67.555619
200.922335
99.908369
156.378988
88.443978
40.033280
175.277199
100.873441
190.274255
111.755546
104.158577
124.526836
84.391920
32.547728
259.934185
105.987819
113.014425
80.561200
107.529040
70.515069
109.510644
46.164053
125.898701
97.949543
91.611138
144.576759
37.022166
65.581464
67.143913
13.053564
71.677181
131.703277
16.722530
108.421071
31.592772
65.265346
55.898671
67.524071
102.457540
76.425761
99.019112
84.840336
67.719444
84.565662
113.590629
69.453974
3.577767
67.946669
111.233412
16.140412
97.097776
71.931000
24.940676
60.006424
37.072772
85.546525
63.423050
7.796235
60.317500
55.218912
41.721583
114.221392
42.377533
45.135638
47.145184
81.219714
63.229973
1.151313
59.763456
30.804586
37.841420
44.966941
101.731165
58.595304
60.271869
119.351339
48.894211
67.519021
67.421290
15.454476
84.387921
27.469120
49.159987
103.871627
32.230537
28.092376
28.387978
71.113471
91.492952
46.924477
43.652015
42.042539
25.328432
36.678636
45.043937
32.978725
80.495867
144.839174
18.992572
70.512795
63.859724
46.586830
41.394783
25.774145
81.852320
40.868589
95.946280
32.546427
29.219586
72.335143
12.273079
119.000715
121.777513
82.717803
25.482462
23.184643
82.039047
56.692270
68.212038
97.330226
71.832354
5.357979
69.710386
53.782102
95.399659
53.130453
39.741211
55.402804
135.164037
14.732915
61.686590
11.312828
71.487033
55.121056
30.417555
31.510170
21.556814
16.688515
35.967282
42.103634
123.002575
53.365526
55.338957
19.419054
27.840286
180.646495
35.591490
65.607686
76.999562
74.661885
28.290719
35.103734
96.029370
104.910486
43.409527
28.777334
43.322262
70.928511
48.500052
63.477690
43.586244
41.415707
76.104672
67.042604
74.423299
40.030394
34.953793
39.448646
78.542793
30.213817
102.973303
56.627586
15.992652
82.460772
20.027136
89.310485
24.881090
20.351416
36.522967
82.208706
44.907348
50.808108
62.410073
72.135228
31.648699
134.172029
41.514921
34.451781
58.308995
27.511127
123.748863
90.152923
28.575579
84.071762
97.784671
51.489920
64.612769
53.832471
83.209656
63.955126
49.852644
66.749432
89.290351
36.192788
68.748078
67.569389
31.997026
25.495093
72.133629
15.987433
51.548013
55.817001
31.478001
62.479026
39.482889
46.044776
80.359088
35.748607
46.993848
47.976411
48.479297
81.022034
44.082655
94.978075
40.527880
35.977119
58.061995
54.872765
24.940111
58.736368
16.721779
30.587807
10.824915
151.072781
36.541494
34.687039
95.247563
37.649979
51.832171
27.574949
71.458428
76.229998
98.642831
68.233847
25.988623
28.186362
60.168119
35.245837
89.596702
63.780513
13.089553
3.983354
63.007643
33.901229
112.898814
55.140834
40.692473
136.832271
40.578315
20.207100
45.024044
52.015864
40.357028
25.744699
22.153815
4.434384
90.113844
49.227724
74.007493
88.082268
99.794668
102.926191
86.031786
56.639207
32.855678
11.392746
46.649145
37.571868
31.968978
13.384585
30.223754
85.666614
28.366876
32.155446
62.188391
41.616671
79.431013
80.452380
45.610974
28.488112
17.916768
22.796742
57.507879
23.485669
65.996085
25.193202
29.958477
52.197936
78.250491
92.314137
65.919594
31.780895
97.689189
20.643942
25.425820
68.597212
36.069157
14.953185
53.910876
38.251507
40.074175
122.974795
15.995989
35.119868
43.008688
70.270488
23.737069
29.419306
76.238930
35.902509
37.429059
20.442840
5.500130
48.587168
35.290062
39.612531
70.500096
102.201934
45.714626
55.499944
72.353339
67.812591
12.635253
23.696443
60.436774
45.136385
24.964643
100.671584
26.199624
45.166794
31.981386
34.473258
20.587507
48.850949
46.728129
33.261078
58.114675
30.302890
39.861359
32.888623
68.435918
22.041670
27.323915
64.249517
30.002119
35.459232
21.859309
5.768732
32.603972
55.093503
30.828436
29.667699
18.125281
19.264989
10.628394
12.338617
53.164276
74.214329
78.040089
100.811206
24.367293
87.245480
59.382642
33.809100
56.485440
22.189172
79.456511
14.471620
36.525597
40.816302
27.845074
53.833153
31.753696
33.486047
13.198999
45.460159
59.308440
45.790677
68.901859
56.325165
32.813282
57.125814
63.353112
35.537353
25.140933
55.545703
31.173611
35.025877
19.248735
59.809322
40.133883
68.755093
19.302594
35.715230
52.195419
37.622504
30.409651
3.770000
29.813320
2.052580
99.425400
50.798395
45.343286
67.141030
25.106630
40.859098
62.014049
20.579485
32.056357
53.376238
34.243455
54.955023
15.277488
40.213780
33.599563
61.128872
37.965129
71.314904
56.007717
53.250957
51.307361
72.617671
30.211762
67.243982
55.293944
57.013316
46.908918
50.308356
92.299329
38.657905
58.264196
14.498960
55.973426
32.946459
61.144574
16.606012
21.768790
28.029242
35.292650
23.853077
29.829573
80.491723
32.909846
25.979368
47.981559
106.493028
51.868746
8.156615
42.490103
41.500910
38.600865
62.039830
36.117148
21.257724
37.442379
33.745746
42.512741
96.531110
45.488546
30.636351
49.398497
23.146515
87.870590
14.993331
38.541893
49.448442
29.562147
50.077605
27.610146
44.167921
53.794181
16.509321
28.615224
54.400466
28.384112
64.196976
27.449657
51.333714
61.662679
47.870627
40.329231
51.753806
48.259405
52.900672
29.024645
63.335101
56.703426
33.827998
44.012341
22.760878
28.516949
50.522044
19.750556
17.360519
55.508553
54.001003
36.488942
34.679713
71.030682
106.654391
84.082105
17.171828
18.971195
16.023149
31.965558
36.653634
15.861697
69.329488
12.474940
9.546599
50.550938
37.254887
22.245063
42.122534
19.424776
49.023508
19.852619
45.889793
88.877599
33.295493
47.014475
38.638562
40.085837
53.797584
29.669861
15.653399
31.611657
50.937447
38.257574
50.027592
31.952447
27.405283
63.708202
48.898836
11.618573
63.050798
36.160168
46.783319
24.829027
31.220330
73.392672
57.127428
45.939156
16.573526
28.393089
29.630968
43.020609
28.575325
52.118805
22.374417
7.131846
49.850396
23.002061
72.782814
19.317162
56.131935
41.911635
21.327008
4.092582
5.832556
47.689259
29.871109
57.946916
31.828207
19.070951
44.285457
47.957961
39.889428
41.275340
44.047596
60.594833
26.459247
85.341021
75.489115
14.166737
36.449758
26.804031
38.125027
18.966265
35.570413
10.161180
47.585691
22.922898
21.543487
29.050097
22.275655
22.889656
67.153535
26.454990
21.677634
8.994672
22.631582
14.695334
12.410657
21.756608
49.023442
17.079002
21.335170
22.299668
32.459731
17.260624
42.941050
5.257777
60.535956
23.587723
40.397288
27.691211
49.529719
15.834744
44.265040
40.665062
51.701468
13.885008
58.942364
60.645060
71.840832
46.976575
20.334259
48.457660
40.339873
26.449471
36.660611
11.779832
23.871872
27.432546
11.532814
50.000408
36.653626
23.417801
22.618501
54.367655
34.067445
4.316024
11.615474
68.647019
20.253737
55.333994
20.505601
57.427984
31.410801
40.494277
23.486589
55.730480
34.047884
44.500220
21.735375
45.177848
21.074619
27.779210
22.353519
66.747746
5.765432
10.518684
31.978264
17.741911
41.729357
26.272469
39.235788
38.577390
7.857675
48.968917
33.097739
22.627790
23.042624
52.594684
52.404157
45.924601
38.512302
28.839181
23.783307
18.569236
22.737200
8.645692
22.790088
53.053474
57.146408
24.698074
3.221255
9.917487
25.186691
9.254764
27.257320
54.420659
43.356052
70.657603
10.601821
35.575819
16.146711
25.403614
15.268116
32.028040
44.103429
29.522851
5.347737
12.857372
34.571573
35.503986
43.790234
24.638221
48.000216
27.772069
6.211447
27.778857
47.600140
22.227447
14.716670
23.701437
60.801815
7.937062
31.557879
12.813104
6.551654
37.480424
12.271416
29.685693
43.977783
27.904941
27.343634
22.007488
19.529736
54.265684
13.458722
24.939310
9.872471
35.261858
32.935190
20.269523
46.072463
42.821504
27.617696
23.065998
31.434806
6.770647
24.089464
30.999685
33.578292
9.252030
46.788086
45.703486
2.310327
31.414738
22.900040
31.069102
11.922662
40.555074
25.849733
25.419438
26.750173
23.791243
33.046219
45.424618
6.683414
29.563748
22.865182
54.726994
14.596933
41.463996
29.776364
19.688353
44.767604
19.967204
15.916944
13.227123
26.509446
47.472547
36.492798
38.894374
30.494968
12.032252
26.208897
10.218588
17.770011
28.586710
33.229501
5.802744
11.191329
7.708312
5.186838
11.540140
37.587672
8.392761
42.674806
21.781380
34.271548
21.939598
13.202673
11.119740
55.042813
12.521675
18.212569
36.253926
34.177235
22.359601
20.816926
5.774906
22.040041
22.483659
28.357850
29.632978
19.867077
22.118969
7.918551
11.134385
14.909369
33.844941
7.859603
27.742000
10.358443
36.264928
4.398124
16.559835
10.637900
13.922691
28.084275
23.587004
10.985466
25.183515
27.601541
15.155080
5.705864
41.468970
28.741680
9.982430
10.543070
31.474845
39.673202
44.845573
9.069956
26.337199
7.536224
26.478567
1.776353
24.064025
26.987155
17.056694
2.489176
4.778002
19.567393
21.185384
33.037467
12.878389
24.936955
42.201681
42.048063
23.505989
25.054334
57.016864
36.317167
17.451282
27.721453
20.311946
10.083818
14.943637
17.618365
26.954566
46.256653
44.852962
26.703013
34.375802
2.844118
28.084380
28.494571
25.697590
47.503708
36.305254
54.226173
18.823991
22.613071
6.833113
4.666232
12.221074
16.551410
19.855665
17.373586
21.251811
17.177834
33.482062
30.332468
14.046438
41.432652
14.036810
61.304956
6.152036
16.737473
16.195995
11.651670
7.202354
3.612549
21.829151
2.328902
31.869967
21.538682
21.832199
17.347253
42.395331
14.693382
36.050106
14.587847
43.095634
30.122893
45.211450
13.969391
19.174042
6.659388
19.538589
15.763270
19.194211
32.591319
1.139200
9.277871
14.229598
31.928881
7.745243
19.230652
26.101132
28.639632
13.916429
21.098726
12.773218
8.070501
25.260059
19.025649
36.845794
55.835213
37.607965
34.272416
32.090866
35.332972
19.377489
19.967882
34.866512
16.512710
5.819113
10.674650
19.824809
17.311787
34.070822
21.144324
25.874096
22.030806
26.642780
14.693920
11.936419
20.411608
11.136581
16.625567
19.588483
30.752327
9.214044
17.533847
8.609876
14.293036
35.584643
9.654408
18.379255
24.215864
25.542427
13.374438
13.234555
28.340792
23.382967
12.035351
9.141865
7.580083
5.178817
22.531024
12.621737
1.010349
11.347977
16.195991
14.100272
6.682675
18.328714
21.594845
23.052442
14.121988
21.411208
13.786258
20.702536
13.235810
13.867838
14.625221
17.357342
7.385599
21.736753
11.232219
10.293638
19.246149
8.400000
25.547690
9.698091
11.837463
18.868790
7.773650
18.294513
3.912408
13.805713
13.282466
35.466651
7.413631
14.422569
7.939417
30.567551
18.532834
7.728194
26.135071
12.512668
39.987550
18.567350
12.413846
10.066384
8.594336
0.376575
13.282966
2.746123
10.853928
8.183762
21.457939
17.900763
31.872396
7.199828
5.357489
8.152705
34.949469
18.032445
12.812351
27.170393
24.373552
4.370810
18.606404
22.020062
3.480996
15.197354
13.803887
16.280105
24.187250
16.819731
15.647330
20.636223
21.052740
12.993621
5.283126
2.777663
17.339968
7.252005
8.669673
13.598189
42.551717
14.319532
19.018457
7.328615
4.432088
14.780789
2.648898
9.790610
41.872939
7.606662
3.373015
2.251799
11.775139
5.140473
14.143241
6.352921
7.101657
4.778631
22.658597
13.849346
16.678615
6.231298
2.953066
13.496193
16.941364
13.429700
15.331450
13.608221
13.782038
13.401677
5.716453
12.671033
5.484861
15.429842
14.104917
3.397832
10.552891
15.739965
11.054052
28.450371
7.302181
1.718455
27.802777
12.778138
8.420371
25.603720
0.468058
9.999042
8.151558
6.374155
12.224291
7.148305
10.972102
29.760474
5.310210
17.094195
7.680274
18.114008
6.740170
9.402022
16.461977
16.446535
2.262713
4.230450
22.924657
8.374359
7.263545
8.596670
4.135792
14.205809
7.634664
13.769479
22.148449
9.641655
11.594099
18.140671
7.377337
20.562687
16.355961
12.194848
8.490175
3.984237
11.641200
10.938071
9.188140
11.027641
12.828864
18.078867
14.046603
8.261164
8.946178
28.233199
8.003929
14.634894
13.700841
10.066064
19.182967
11.940230
2.506971
6.355321
6.162222
18.561994
28.866170
5.297763
17.916570
13.115997
12.164249
13.610677
6.288058
8.303015
13.150404
4.584618
17.078534
12.896451
10.898632
12.410435
3.379748
15.726288
15.299564
24.115841
5.227630
4.252281
1.790337
11.114302
8.010096
2.919778
5.189205
8.101790
11.961727
11.742895
4.412113
8.169032
11.810614
11.323821
13.751301
10.640171
18.980987
23.625368
14.252068
10.400949
9.938435
16.346232
6.427401
4.963834
2.575814
17.655120
3.874662
26.967270
5.907043
9.103234
13.068876
6.749005
7.205190
21.753528
17.956059
10.566912
15.803780
4.481386
14.357351
6.164248
10.210239
27.186175
11.823401
10.458093
17.934790
6.633926
4.863578
6.093295
3.520079
17.550569
8.143754
7.283220
26.854199
19.735424
2.792710
9.138933
8.317369
5.400059
20.074167
12.275712
4.400441
7.759756
5.682568
2.344102
11.322493
16.373701
4.682206
17.505683
7.581126
3.714766
5.569829
9.958534
6.196250
8.980850
11.086568
10.700202
10.237081
12.539622
10.544714
15.853051
15.415462
7.427759
3.589454
5.670152
12.523493
13.987609
19.170965
7.131756
14.681796
13.254163
7.874486
15.746801
3.281393
11.740648
8.851725
4.100233
11.779634
6.859214
14.181346
26.344425
9.450676
6.610729
11.358824
13.035564
15.091723
18.918877
5.110489
27.054266
19.360718
19.400663
11.114339
5.829625
6.741258
18.246208
24.296110
22.416896
10.589716
21.208511
29.363954
15.703833
21.531906
19.891213
6.792613
18.251951
16.081923
19.695812
19.223829
25.710566
7.050587
11.985314
17.751367
4.386292
31.113216
21.762259
18.792198
20.126783
13.931655
28.031071
20.545053
23.303327
18.525434
12.242221
32.467698
17.429356
11.692037
8.823865
16.971196
21.775796
18.155362
25.718183
20.300084
14.544088
35.054608
35.335680
5.776014
22.763766
24.485376
11.043866
18.627470
22.110649
32.646627
2.631258
6.938431
22.561664
14.882952
28.279109
20.297796
27.370978
24.259855
35.573670
24.888017
3.994674
20.432887
10.047468
49.166677
17.229984
19.107628
17.142969
27.054339
9.354310
15.390416
11.897296
8.528716
19.792862
14.372355
18.754586
34.287963
55.508859
29.918179
17.341558
19.297413
11.925338
4.998796
29.806020
30.084741
5.113672
13.482259
30.846621
24.705248
15.755461
9.288717
17.138881
6.626217
11.148152
25.509835
29.400538
27.331792
19.847364
14.353765
12.391753
25.953168
11.652879
21.756595
24.213823
20.852818
30.949804
16.123000
20.404752
15.037525
13.221042
7.992823
23.781033
9.287258
14.456377
10.602119
10.655809
17.201299
13.947371
22.228638
18.414778
23.250642
26.012584
9.326793
12.682621
14.454923
3.142176
2.494762
17.131872
15.473587
18.042003
16.351134
26.047429
5.735129
19.814125
6.995194
9.014089
16.936462
17.259514
0.442969
14.797802
16.237820
26.584487
16.438608
25.891018
16.300136
18.984631
12.287216
5.795220
13.081016
10.221584
19.997438
17.091857
17.468497
11.839558
19.006466
23.067611
20.412922
13.614553
5.511457
6.671543
9.899335
16.150709
12.816258
3.299980
6.108288
9.076582
28.415221
12.455884
4.138430
15.416134
6.700552
5.004224
19.055017
11.775977
35.840163
17.656209
14.842390
3.360914
23.436619
10.584622
19.060429
9.119816
21.632799
8.951362
32.005875
23.761912
15.195353
11.895819
17.543228
7.441103
16.097322
22.973112
16.138055
7.262749
17.804309
18.166294
13.528932
2.551891
10.181218
9.851181
23.071674
3.321033
13.556348
3.020663
3.810694
13.344300
33.635544
9.161804
16.280898
15.391205
12.168331
8.201771
11.519416
20.475087
20.467751
13.779213
8.903563
18.474296
23.052354
22.189269
10.057682
8.648919
7.737516
11.846132
11.845636
12.859956
23.231687
12.189363
11.627191
3.968462
17.077524
4.273887
22.970876
10.712939
15.179038
8.296846
20.009177
13.674308
20.743306
11.325353
29.827500
7.973328
23.143249
10.743325
7.863812
26.725299
8.509941
29.971550
26.225218
9.857791
4.539413
12.422839
8.836117
21.649980
23.811068
13.688145
3.153301
41.842766
13.186024
13.592749
13.864192
22.559040
23.317851
12.919410
16.965696
8.541756
3.408799
12.399236
5.133012
32.388064
1.376543
10.336084
18.372211
11.291951
20.700007
18.524584
19.757453
11.252980
31.743093
12.024120
12.302358
18.408351
4.844626
11.315467
7.070888
9.260274
19.085203
33.185165
22.792636
37.665716
28.035806
27.952821
19.119707
26.021030
14.736110
5.626308
19.955537
19.394129
4.938276
11.528916
4.427851
5.741898
24.128772
1.827735
8.812001
21.542197
22.291818
23.771061
21.022886
2.303319
0.661202
10.533502
19.244346
10.977119
12.886173
20.562824
10.986070
18.962958
19.183878
33.831543
46.138447
11.209289
11.861523
20.423579
2.941623
16.022655
21.099077
9.499165
21.311484
9.367302
19.262575
6.710649
26.859425
16.146831
20.596117
7.974554
18.576894
22.395075
17.239786
5.747341
15.073965
16.702035
20.293757
6.400834
5.188434
10.666746
18.672411
19.250292
23.463379
23.307105
19.061873
35.936417
15.541677
34.525772
17.651582
5.644885
16.280445
25.159346
29.114902
11.969433
20.230327
3.571924
12.318596
10.583740
18.113314
10.944718
19.845650
23.888301
14.015359
9.644087
20.585474
24.503657
24.425010
7.380650
8.140599
9.694903
6.432494
8.525638
7.069286
5.910390
7.181316
9.703903
15.724887
12.623391
15.190958
5.070801
3.738536
33.618120
7.531528
21.934619
9.739732
16.799578
24.791002
12.568216
13.407592
20.320154
16.184951
11.865508
14.724291
15.642783
11.246746
8.235555
23.114754
3.496952
14.687195
10.528579
21.946910
26.504880
8.590519
7.888994
4.610225
1.327098
29.767259
20.011872
10.705015
10.015461
9.014980
17.736590
13.742188
13.615588
19.494876
15.748342
10.108133
18.920286
28.763041
14.719261
10.354680
5.190600
19.670346
12.086566
19.770702
39.331821
17.760850
15.038909
23.023925
10.340347
21.727519
11.523781
0.052965
21.464373
15.624213
24.158804
14.368492
22.536985
15.322761
10.485372
8.389878
23.911034
14.079525
20.024424
23.529886
13.778652
12.561869
6.395316
21.345729
32.948096
17.777155
16.836275
12.566143
39.219780
22.212762
17.042499
7.247760
13.139901
14.453956
23.673104
12.572809
11.378994
14.586083
16.116092
20.963425
23.964141
25.345196
15.145827
6.500619
13.791274
18.211199
13.513444
20.530843
19.402278
9.715087
9.128995
15.148499
19.119256
14.595232
12.875769
7.650997
13.500353
28.297880
3.568231
10.804376
12.598870
0.498813
37.454486
16.508489
21.838795
22.965863
5.938352
10.237470
15.232480
18.157995
15.371747
5.332287
27.301352
15.485384
19.416444
11.402125
16.663764
20.193951
14.341675
24.448576
20.175116
12.517261
26.080525
8.082565
12.791316
21.257515
10.225032
1.672651
29.429956
5.513028
10.626250
18.056476
12.401230
2.360901
34.326126
15.955441
9.991091
8.711825
10.038268
7.075419
