10.000000
26.368174
38.534837
38.195042
15.679357
26.561640
76.235368
10.372174
32.075003
30.464720
49.639130
33.068371
8.972860
23.942078
60.595602
24.177190
39.613310
16.343163
87.661749
13.978893
68.832758
12.322290
42.715263
40.983876
47.515099
65.960154
24.218182
41.573084
75.915823
23.207473
2.955139
14.320316
39.429135
17.452070
64.181109
12.046749
57.469072
62.557751
54.555083
30.132205
20.027404
35.422391
6.518426
62.768887
18.290275
81.761860
21.972129
30.139725
68.599419
59.337104
9.340693
45.720385
31.053788
14.152575
67.860240
36.209984
24.585555
34.782042
24.242677
17.402330
58.096743
30.958344
13.179611
19.877074
9.527218
31.850970
23.112867
54.449585
49.670683
48.341385
46.625093
54.789413
13.259925
37.922376
55.457630
23.010469
7.757530
48.312190
24.698883
2.935373
40.414283
9.006975
32.397482
33.159652
44.409972
39.681119
13.869708
17.875724
21.930613
31.020729
66.344922
33.284116
42.120835
9.754911
18.833742
25.529477
41.759863
14.734986
18.184832
21.509639
53.702309
31.718947
12.350616
41.288880
24.147059
16.701747
26.647819
26.811309
38.706256
5.108147
17.971360
20.446897
27.928513
21.320525
24.464493
40.743886
14.177282
8.993331
30.384231
45.635917
19.789957
16.679505
60.675251
31.322727
20.038604
58.910482
38.764183
21.023851
46.432943
19.849937
18.915454
20.015457
46.721447
30.656947
64.505707
17.019929
28.833328
26.526852
37.375493
7.290109
62.156017
54.366569
12.943672
48.882935
20.943519
21.056490
27.419604
14.259544
19.879162
15.860150
33.139603
35.081859
41.655620
23.253960
12.437372
10.248242
19.426662
40.639346
31.375576
18.118087
10.260395
11.779479
39.173727
45.559810
43.001437
14.074349
66.076593
32.691222
28.646679
27.567466
40.215188
45.151734
44.883716
91.873844
20.588653
36.981284
8.694807
52.536278
42.942190
2.694520
62.206944
3.684735
11.735922
65.521515
37.309006
30.990367
31.282396
35.705549
3.825885
84.629719
63.126949
40.713705
20.419088
45.560398
32.966602
33.688268
23.045191
10.897884
12.312040
10.924787
28.229838
25.080276
21.824812
20.988864
23.449877
28.296092
37.122487
20.130070
76.849604
33.458645
78.542414
38.926105
22.635266
30.276015
18.728180
19.173281
22.460533
37.460070
16.809313
50.006059
67.876176
63.589402
18.249982
48.893322
28.841146
24.505964
71.017242
21.728310
10.801137
21.010348
25.070496
68.562968
39.289263
25.252688
43.045111
67.749244
42.951138
28.962606
11.271308
35.514121
44.795530
29.469423
22.188381
34.356000
29.938933
61.934997
27.280430
6.583071
15.612242
27.009262
40.664955
40.849850
39.256809
24.877677
145.038211
61.944311
55.940094
33.110377
76.170810
38.673791
50.969057
53.443526
34.023090
39.080911
28.380533
35.705961
29.861086
7.571763
49.720584
57.736257
58.495589
21.156515
63.354801
20.206191
39.782665
36.012684
49.550181
75.626489
24.731139
62.526006
44.723336
37.016538
23.516791
52.508300
39.567298
23.335591
66.815062
35.649092
20.515903
42.163646
23.555691
39.928716
38.137484
33.281239
16.755998
47.186872
35.915203
57.670957
28.315176
34.470552
40.339956
9.771104
15.290799
41.398888
33.164583
74.266083
27.721683
8.330136
16.441952
24.249218
39.155066
19.008863
44.371323
77.942008
67.194413
7.246511
59.017217
6.600581
19.990764
44.306986
42.689868
55.440895
32.371281
21.555002
28.372939
24.884328
8.333380
38.515396
41.288563
63.447295
31.114042
16.719745
46.905605
36.814868
42.616199
14.513809
72.299417
30.988135
21.261397
25.544197
31.762562
55.516711
18.099976
74.895929
27.374453
14.544021
23.081992
44.655953
45.907165
12.684759
35.313563
29.945930
21.067252
37.185084
31.021683
45.607612
35.372652
11.747644
30.819747
21.194997
27.487515
44.988534
41.050958
4.188251
30.499174
27.496594
18.590736
4.276669
20.377368
37.652624
12.494081
5.677005
24.333885
34.345115
61.756973
28.456838
26.142258
14.737666
21.795669
27.714347
43.584504
22.050069
64.042711
36.678560
4.015106
33.448623
8.808651
28.356880
42.511281
22.275917
30.549210
13.635003
68.343127
52.484252
50.178278
34.684456
26.776498
22.552000
26.146429
16.629123
8.220550
10.774056
37.350886
62.958314
83.956420
25.796400
16.197024
14.357124
7.768024
44.928771
9.511571
33.716735
31.970843
44.192411
23.101152
30.810010
49.092617
49.750639
16.921691
26.201515
25.154939
24.522948
56.465772
31.174035
27.640107
57.618717
13.549691
28.158889
41.693354
45.949898
55.651565
33.898472
26.201859
21.562312
30.000852
34.321189
21.649697
11.138474
36.620022
17.556288
22.305410
50.484068
15.918398
41.948508
51.888042
53.662343
10.452712
45.890166
79.786606
50.340155
9.035526
28.650250
33.239195
42.728460
87.779385
35.895679
48.268400
20.860055
22.280059
28.804281
24.374454
20.465348
35.209926
57.054431
27.331057
61.732466
85.206895
21.358431
35.499693
16.687025
8.409815
67.939551
46.355210
52.068082
82.752475
16.997636
50.652345
4.402858
28.254661
36.857491
42.680771
47.532129
54.788992
15.148407
70.721380
71.046149
41.833150
46.682698
65.405245
78.292289
15.367537
75.236977
37.745993
21.668469
55.850072
6.788582
59.371995
63.504552
30.828627
38.604916
23.924289
60.616434
15.232605
25.739973
16.080592
21.990970
18.393630
66.797649
8.774971
39.154065
20.384937
11.200140
33.929206
48.066953
38.708622
74.253150
33.360857
29.912138
22.219478
71.073250
21.677867
44.487454
47.016611
45.375683
87.914022
20.193547
20.269455
52.693917
67.445331
56.640604
77.028071
64.104895
48.399654
28.871227
46.039736
46.957273
35.455856
43.516899
80.691282
42.193968
34.056863
13.230635
86.543182
31.599064
16.076118
45.262115
14.480137
35.120709
32.280396
41.994002
10.435142
29.645506
38.464889
11.573698
50.886720
14.949605
23.675544
27.861936
63.828599
26.321514
64.823089
41.933299
33.708538
35.309406
24.692213
31.794909
60.973686
69.873942
58.859923
47.398889
24.100215
61.144871
39.266538
79.754541
30.151741
24.316485
38.837605
33.200052
25.768768
21.259139
90.545051
43.917186
44.338393
75.557279
33.029495
4.587541
27.245884
43.429752
41.392824
25.797708
38.013445
15.415381
16.855876
89.573507
74.322017
49.928136
36.956428
78.608364
37.891961
40.630928
35.570423
48.199705
48.794066
45.986109
19.271082
44.219210
45.591728
41.476115
60.467201
28.060709
6.225297
16.989061
9.401924
56.364697
31.974057
30.408681
28.487683
5.187125
9.416721
38.532959
43.257324
32.303013
13.998183
16.301003
32.103880
20.054775
51.457600
39.354462
24.677923
19.399519
13.595626
35.683522
52.122583
25.620137
16.979313
67.163313
51.777013
55.030160
47.717574
54.475504
45.384205
28.680510
53.208610
54.329087
77.712618
52.720084
38.045058
16.566915
27.549101
97.418871
39.243398
33.115150
22.611674
31.774500
47.285447
105.350417
35.330389
34.707578
5.938437
101.222358
23.420957
24.566723
11.852096
52.782878
13.722284
48.166809
21.710571
34.791657
46.517725
34.807805
36.525169
78.269835
62.976882
13.981204
37.118889
19.988313
71.437915
55.653582
53.348835
22.576605
51.375964
32.203680
19.545335
36.235164
25.296926
31.205402
19.059926
26.747146
44.926897
30.811593
31.876913
9.196803
38.273888
39.726127
37.885250
15.480483
23.990197
23.642227
54.946760
21.889681
91.094197
65.674281
32.571169
21.931636
42.799753
30.431143
29.561081
22.072353
29.293605
76.640094
49.114716
33.473363
28.278726
9.934139
27.421401
28.215455
37.525382
11.986686
23.440279
39.816371
10.191758
45.857684
36.716868
24.840253
27.640066
22.839456
11.345736
16.138334
7.334049
75.705726
20.794163
28.346227
28.589266
24.472661
17.342095
52.912996
12.634567
61.604460
67.898977
25.468360
18.898486
81.140840
70.435990
60.741509
25.990209
40.599198
24.273875
42.356870
19.987815
8.334650
27.076047
25.850629
39.594075
37.514021
49.976689
28.284972
27.565847
39.299639
22.203067
48.289141
55.948522
43.976419
93.468807
24.335361
30.099034
18.838773
29.146467
23.290996
31.344176
43.729868
29.062069
35.197668
57.158111
49.464072
16.260472
21.801886
44.004795
52.712565
48.339536
58.927118
27.615838
8.150854
98.493299
40.534064
92.102093
39.599278
14.464079
41.149330
20.450383
17.730606
59.169572
57.556329
39.977388
48.608950
43.249203
47.719857
21.537448
20.810955
16.126562
39.068382
51.623609
94.363496
18.439796
7.986111
37.436846
46.644490
51.846703
42.399095
33.442939
19.908683
30.756674
64.085857
37.404149
19.142886
32.432285
35.137802
38.157887
42.049259
22.929666
28.694173
56.634419
23.980509
37.498840
53.968212
63.198861
35.100366
16.394117
31.037889
3.226025
83.052381
11.588751
61.734398
22.596254
7.023795
36.615767
22.766301
74.802511
38.067313
6.768246
50.769942
75.469600
29.407326
29.555005
49.845583
22.817036
19.900485
14.946431
35.365916
45.209461
49.610437
48.172455
33.952510
21.928263
39.046792
27.410513
43.408290
25.362501
51.550978
56.907740
49.323310
18.032330
49.937563
66.480990
72.435098
20.000847
60.406067
15.681976
48.052401
79.622779
38.120269
73.451494
49.662815
31.879967
16.464365
53.132142
23.759477
26.308103
62.527561
29.691783
48.064200
10.880359
83.897592
40.858313
51.331167
33.272859
78.783720
56.930496
64.041441
31.865675
39.190333
11.862647
52.964056
39.170342
39.604337
64.683206
13.491923
43.293801
66.740844
16.105505
3.144453
16.958795
31.713275
10.906681
3.516179
23.149708
45.088735
39.659338
61.468186
85.941112
26.435668
52.591130
22.390903
69.175989
67.462833
68.048797
33.904138
45.363634
34.967254
31.762586
89.402335
53.985656
15.113080
53.813019
10.669693
41.408925
57.891983
50.519418
100.185030
51.266028
37.534261
24.536168
48.786181
22.131720
24.701297
32.735553
22.924548
40.320677
30.531826
17.199322
47.155218
80.791553
20.891024
22.388094
83.086842
38.776204
38.242776
82.068847
42.202173
31.158140
24.955168
20.615239
58.664642
61.513988
94.868370
48.670370
8.369272
23.132873
40.574672
40.180589
40.125298
34.746605
28.483937
75.237731
20.488471
33.091911
41.953470
57.868849
11.927047
30.958917
54.717844
46.786380
50.108246
13.901178
5.690952
38.554574
36.059688
66.613812
40.080849
25.126140
45.718200
24.211103
4.068838
49.419195
45.313534
30.131008
75.940935
52.414446
79.113082
97.728341
23.622317
24.228616
69.181444
61.223386
41.124661
37.479281
16.935266
30.351716
15.312100
51.705806
48.530271
62.965279
24.464519
29.131122
19.862957
72.971026
59.302434
35.762817
21.062999
61.265795
25.349074
20.213659
90.370047
62.607964
95.710160
38.354497
43.155160
17.650105
77.333393
52.964777
37.920674
14.948150
71.905342
41.362705
19.585182
49.206625
54.031309
30.015752
22.782986
41.114739
40.583201
46.332558
29.433078
48.829195
32.364054
20.854647
45.641128
68.266999
38.782602
49.604491
39.808710
19.190725
57.481099
35.815668
41.515329
101.656962
30.570347
48.281310
24.540870
23.000219
64.017836
4.720022
56.417392
12.767520
22.828761
93.259068
67.447729
72.420500
45.636767
58.323564
16.420432
50.127743
22.440027
39.949148
21.867258
43.676862
21.989480
46.987472
40.817107
38.594894
18.567940
89.564946
64.268530
67.744482
99.583243
80.189792
17.081223
13.533733
55.629201
39.438276
33.482854
40.669749
39.702776
48.010444
39.626038
70.197788
59.168461
39.651508
62.366153
12.660922
21.116526
85.110930
69.231811
47.316465
36.510758
93.020372
47.701564
121.458902
24.138922
28.575904
10.107552
72.443983
65.759780
127.080580
65.664432
34.593163
10.025965
77.958983
42.875909
24.793851
27.606770
18.193543
59.118101
60.836602
49.966161
82.338140
54.595617
51.633894
86.598476
44.941475
103.328923
72.957454
45.624250
74.064044
100.727098
78.559725
37.167194
99.261396
83.743343
94.844183
79.219281
92.538739
89.569651
49.461513
59.162263
100.660300
61.368196
118.105452
62.392225
85.663465
106.253908
96.416671
55.728265
21.520109
138.331225
98.689455
31.440991
11.079119
78.050030
105.721328
29.045012
45.262700
65.734111
144.658529
10.252983
79.820186
101.811122
109.939041
49.413070
85.425604
54.021434
129.244732
52.777998
78.134140
115.633283
79.361573
60.158723
22.643324
127.589215
44.004765
60.500880
91.706768
153.172247
119.514404
109.670642
33.122087
99.483389
107.015877
50.632814
75.448377
26.113794
178.477009
61.341540
160.493770
136.610808
51.125915
48.365740
155.290268
109.952717
31.719174
156.944103
57.843106
60.031164
23.900574
109.358045
139.272995
92.094145
28.540118
244.883013
58.338541
84.100525
52.764681
35.779626
63.234703
72.531358
59.731160
64.519528
106.456719
121.078203
21.116076
84.606804
54.427991
38.269694
69.593179
25.324548
110.611106
62.542107
20.781271
84.643136
58.290709
55.906559
61.825326
57.193448
37.425405
26.185205
26.968154
106.657842
19.483254
40.088909
121.709941
53.197486
55.268852
57.711424
74.349348
53.193084
57.760008
53.391667
122.809909
14.334044
82.389572
97.830124
51.443828
113.438562
141.196074
16.245007
27.061485
57.659075
86.891546
21.186017
15.015518
80.133894
102.651834
51.469355
20.365658
31.998649
70.732031
44.887000
23.393242
40.842811
36.141293
37.571335
32.822955
30.771180
21.583117
87.847022
74.783797
8.680560
87.394994
136.621454
71.517291
18.684698
43.074992
36.758898
5.250189
35.101873
16.069773
57.638234
105.181370
60.550777
71.474298
52.301409
60.943232
62.556885
53.019362
9.723828
18.162061
41.671499
35.649526
61.952602
88.978146
2.717019
45.057900
83.749766
21.296146
63.539900
18.762936
54.893418
25.127074
20.189681
38.696584
48.801400
45.201481
77.774086
8.818786
61.363327
70.075927
32.628475
47.180483
36.650782
37.489805
88.974823
104.077589
64.482514
18.288461
71.858413
119.190445
15.987871
53.150202
55.345053
77.251607
93.461586
39.813581
39.799141
40.032138
86.348397
83.133750
58.059227
53.095041
56.159225
56.565759
30.743818
22.412257
44.883778
18.663854
39.958245
14.964339
67.443916
73.323238
50.938554
69.464735
40.090757
70.226110
18.387220
103.246986
44.692610
28.749661
33.539759
84.827971
29.474827
27.920202
32.916460
58.950756
109.371049
73.299797
26.752968
101.384652
26.468463
63.958679
80.612685
28.621509
54.245467
35.125807
67.128839
73.088190
157.433946
100.360739
41.947756
36.198219
119.831343
34.217819
67.430139
47.099567
72.250419
40.652833
36.411183
107.911973
28.226663
101.244327
75.928033
50.685917
39.092193
116.642716
14.737129
31.694591
37.067978
96.623859
67.252716
15.509687
71.169051
24.699255
96.249455
97.671131
111.680234
68.240988
123.933804
27.310805
76.034155
32.365210
30.271828
54.173916
49.171667
17.720240
102.252810
66.728329
64.306415
31.962269
50.055481
76.804563
36.680512
139.785372
45.187247
45.787623
6.982132
35.458420
26.695705
69.581416
59.365964
37.118322
114.531339
84.495960
70.874316
42.917677
56.572719
37.672621
22.163323
76.758158
28.706850
44.181818
16.168497
29.241501
96.096507
86.507943
42.197060
65.177783
32.609016
34.331630
6.693729
31.940792
69.643511
65.694560
14.355056
38.479448
37.930069
91.510919
14.761190
24.706383
27.629916
101.841713
134.778438
52.067037
79.298201
77.769028
65.091184
83.170883
47.611535
30.519845
25.240452
27.156548
31.872987
25.951407
95.129972
65.679633
33.243091
49.744138
19.690389
56.527092
88.349544
59.664067
26.499501
42.577464
23.806745
83.897501
46.993808
55.969591
78.784242
28.329839
3.285800
30.825489
78.738300
62.576752
71.219864
49.499820
128.606516
57.075223
37.003436
69.843946
18.450993
30.278514
120.406268
78.731771
45.221140
47.512319
73.939995
94.536521
23.474807
20.951003
48.962278
43.484593
13.697396
32.491785
58.172519
86.338401
43.931299
37.196430
47.396881
34.559062
29.019686
46.482493
129.959152
80.009532
57.616650
34.675536
42.954617
33.533942
103.356291
76.463284
26.967108
122.284380
18.445605
91.159903
55.046034
87.428641
27.829949
34.544677
18.738605
83.669525
34.901846
85.285216
53.737960
15.490839
60.197025
58.392102
106.238380
118.988275
62.842603
80.760304
29.457036
10.271955
77.274217
27.160505
45.644546
40.811802
48.749121
21.135336
22.999544
85.040631
69.016307
95.201264
149.035497
146.731259
111.376369
80.426102
27.318803
58.590056
37.967905
49.303738
14.765165
65.354312
88.731072
48.960166
23.020602
22.727554
135.286717
65.620690
45.129137
127.153526
38.964871
64.241428
24.193741
44.176694
90.544212
89.954439
41.075365
33.173816
60.205635
33.142353
38.198197
77.106871
92.414495
103.083292
13.625572
85.922558
99.000821
131.429620
40.600464
76.152585
177.306567
20.523273
20.791446
54.911549
41.785025
60.567639
78.231471
75.526253
54.911208
57.360421
144.932325
55.898280
91.098737
25.244670
31.454973
33.745035
40.120762
106.277762
73.614072
35.749072
62.376123
61.608061
30.004150
105.464770
13.954665
54.760422
21.787004
48.571668
128.075154
61.985316
44.474223
93.292689
71.489460
56.921858
52.920701
83.291462
51.126640
58.703393
27.520902
146.863213
147.070826
52.660743
58.024989
149.254808
32.517373
18.680371
46.732063
46.240800
130.380287
20.811695
59.650754
76.622647
64.626796
58.591435
98.145585
82.319024
58.027642
52.859989
91.526106
36.084780
83.782124
47.249580
98.596690
88.331208
28.585288
47.260458
99.376116
64.933336
35.353558
134.182133
14.480558
92.762413
48.893611
96.486139
79.977050
98.151052
58.564023
93.003921
5.445499
26.757388
150.632146
94.630844
35.266122
81.284251
107.339101
127.493169
81.592598
43.858609
184.416376
73.744287
31.561424
60.468255
53.832081
125.288851
32.370519
81.470041
6.907540
75.422932
53.986910
44.205851
69.944362
82.356881
40.257956
53.647254
24.883703
123.507752
39.041054
27.435273
95.736753
126.400803
51.812514
16.706733
30.912786
96.641999
135.983863
95.838017
51.073786
96.260142
50.995980
73.141942
59.725594
91.253684
101.029045
35.421024
53.580884
84.407204
36.013534
114.751202
8.233113
94.107483
2.717188
33.027205
106.701957
83.095504
52.452754
43.279224
157.827263
116.604866
22.118039
44.161273
71.382330
41.887296
73.349292
30.349946
70.742728
99.453608
95.807411
63.946147
33.207579
31.527787
45.352249
47.147336
65.807133
99.807915
23.714513
74.990322
56.060612
36.877027
163.871764
69.609782
66.247528
68.856709
72.129035
58.500489
43.286911
77.658562
27.858527
38.430329
86.852697
70.053326
38.116864
33.259181
142.708109
60.499178
66.069485
75.704961
42.165692
90.330983
78.681894
75.494478
35.914649
90.010307
81.527915
102.169677
68.159986
132.771128
27.913841
58.814010
131.571137
138.297837
79.809174
71.841852
103.267300
77.542719
67.667723
81.506537
82.188899
50.649291
75.426840
65.168837
118.529064
41.314407
140.729479
88.425294
54.711494
117.877776
83.469031
3.998049
125.791325
179.682349
119.104679
128.211432
36.797552
120.988072
79.685805
71.376355
61.773882
123.100462
84.768022
266.298652
28.496040
68.856014
133.749391
104.550973
104.658138
221.586613
119.116310
205.636832
65.059617
129.902049
182.995321
98.071604
234.464836
44.889084
61.747876
81.336573
137.429849
109.527177
64.347511
152.016012
110.134591
128.883621
270.257494
136.598220
166.374154
86.783376
257.985500
203.311516
112.538376
143.867233
69.932476
33.738761
266.151978
255.039951
144.959665
129.972461
274.141847
178.770228
210.016496
153.688301
37.932114
142.460818
108.671757
349.123330
167.686703
167.352445
387.906799
128.516876
53.410804
208.357901
214.489930
177.279974
81.321690
152.519993
256.472120
308.135309
222.652695
339.822000
361.362133
145.248276
62.779742
98.983884
122.066144
260.036235
196.322934
183.494901
178.196897
170.287482
85.600418
195.569406
170.833370
91.173877
85.620519
88.744633
286.549358
435.881908
150.283026
372.986377
218.259832
166.571113
76.113219
169.099255
212.274145
339.493539
86.317301
415.936761
294.455343
130.853946
102.406246
337.629847
174.602999
37.389186
175.892699
168.983601
157.526752
27.047431
187.816226
203.624820
198.352222
83.054457
341.994766
86.588219
100.561975
162.745361
126.393956
132.222551
133.871063
71.352750
282.299465
195.848110
66.236404
183.094738
114.833462
201.913646
146.767325
71.796095
121.433756
168.563518
180.752748
41.803591
204.030908
113.914601
169.323712
83.007969
73.616767
104.870734
79.775759
108.615931
176.239291
37.028115
166.144510
46.202870
98.588380
169.284786
169.911041
102.719260
83.857289
92.025889
122.497740
162.712149
84.031989
85.524710
61.870931
223.143072
102.026152
100.878150
149.619851
100.725978
110.714330
18.741902
85.427646
103.334082
84.792692
206.733260
148.827458
147.631483
103.317212
66.084269
19.554281
71.783629
62.651584
45.904304
195.711901
86.281878
72.607067
123.049425
72.187028
41.064744
66.311400
8.974641
80.929748
128.780971
91.232930
70.809764
27.722933
101.047534
43.775297
128.864820
73.516939
31.114165
130.944344
33.220455
52.974768
25.735504
101.137936
115.697814
99.559894
61.135723
64.327955
37.858062
107.615279
106.608733
90.659566
35.714203
143.475991
62.032741
73.262952
91.923456
31.294832
121.250235
70.433917
106.388149
86.750218
35.252458
31.654926
28.996231
40.392122
133.427960
24.938067
62.645557
41.393657
42.307770
68.782520
29.458522
52.534233
102.604607
58.559032
30.841894
102.788134
86.114048
116.376381
50.135224
89.025608
30.018600
18.106450
94.916787
48.742432
51.281493
117.246076
74.246966
94.464890
68.831341
95.830517
19.926815
99.659995
56.663332
163.788917
87.955284
131.329541
36.965769
90.067279
116.143194
38.624658
63.094275
80.253834
26.920017
21.673895
109.587246
100.858578
96.346085
42.763399
75.043726
89.918920
87.104109
47.879369
16.825283
81.576446
14.496392
111.177749
40.590502
78.166851
75.921121
26.907308
75.413357
108.139764
76.072265
34.479232
21.161973
35.865863
51.846736
62.702130
33.307512
61.213383
109.714392
72.433682
115.059835
45.875627
40.498050
88.464049
100.909714
40.936343
121.194081
35.890856
108.363853
157.597422
90.875078
40.670265
96.503816
60.861988
89.527789
18.102340
106.254626
106.779303
49.936807
65.440308
89.190928
81.804002
30.770081
63.888244
22.438435
62.643072
55.178280
98.154104
75.537622
150.128364
54.594055
58.602491
60.447541
78.595470
127.958860
110.882899
2.014608
49.873139
69.040118
25.340369
76.753402
101.067235
79.036973
32.379764
62.040316
17.370462
89.588486
37.295973
16.550948
74.215972
20.186381
60.197193
114.105601
54.784030
30.194160
85.473299
42.519160
69.110368
39.676527
36.141069
23.108107
43.920718
101.172071
50.234273
104.010344
45.622395
63.016133
99.165236
44.599567
54.363974
75.120929
70.448778
78.650959
41.684185
29.064561
34.064634
67.007576
158.240901
4.550810
67.980759
60.553255
20.452435
101.921437
36.266995
52.638207
72.834276
55.847198
40.444044
52.836860
30.991587
93.111755
46.641777
61.022700
27.791733
39.161484
72.887859
142.137191
26.826787
82.296504
89.082927
119.225843
149.622439
67.920065
101.587444
17.750984
37.858084
64.559628
86.917419
17.631995
59.649951
75.298870
87.056839
67.146780
52.809419
58.824240
50.543605
60.556732
68.512917
57.201835
117.836266
76.095108
92.230472
90.207454
65.105250
119.836118
60.240513
72.412618
65.071634
25.250695
75.502546
57.102433
86.248843
73.700847
85.891931
30.272052
58.970251
63.573992
69.923894
96.553753
34.166725
30.352473
65.659732
102.075441
90.104551
57.723496
30.731244
60.827127
90.300136
70.588843
23.545500
23.944748
27.434422
90.599239
52.381954
29.721706
140.967074
10.799854
86.934392
84.403199
81.127143
33.764230
75.109853
129.307881
15.910137
45.840213
48.762588
30.097528
11.839470
52.127360
58.023613
117.123138
64.683738
79.951565
128.578123
57.217514
77.083387
49.267632
51.640475
77.940216
58.266681
113.790292
117.348669
64.377062
32.423686
31.119564
15.686611
58.723658
50.820547
82.320768
70.887337
127.502675
12.124591
80.618955
98.838964
107.578094
16.905612
43.792258
65.277423
34.976767
85.675617
68.336460
40.220509
46.943171
108.397398
77.962409
49.226612
66.704316
16.107760
86.531655
47.936509
52.731166
126.632452
16.847504
158.903504
68.323393
56.963330
15.002017
35.201371
5.094045
63.205772
84.697773
23.007434
69.066457
59.107938
57.280705
32.294257
95.176849
15.044086
62.895296
14.713014
106.010757
30.308181
129.692606
38.272417
33.222489
81.969768
44.237344
65.664601
55.302294
87.986407
19.325265
59.224651
32.561248
40.604772
57.058899
60.993969
51.443016
39.517722
118.066909
118.328097
99.926302
55.982659
33.627001
44.644156
30.907409
93.202212
23.767034
48.647153
5.658853
42.912681
67.969584
91.796052
53.159195
53.614954
37.248294
25.968312
103.844452
18.673210
25.704196
58.482720
127.679373
27.495494
95.421056
62.478823
80.630975
23.472712
51.803766
41.792327
52.958465
70.054164
73.608574
98.266340
26.670680
40.535374
98.978478
47.217979
75.144236
66.192748
55.219248
41.539659
71.646950
43.217917
114.038619
45.605490
122.277276
20.902722
36.486711
84.624174
40.748696
60.581827
44.264725
111.694706
11.117711
44.262466
31.457810
60.236458
81.194108
31.410345
30.005489
23.920323
32.330644
91.659316
34.203414
28.748166
139.229253
74.478745
91.542602
35.939844
96.836730
77.559524
15.867645
35.373755
25.588689
74.340349
91.758387
12.531606
56.283747
41.477299
73.817871
143.416451
74.348220
51.039485
47.888933
73.389753
75.319767
86.162296
48.375994
98.550956
61.486218
58.012298
97.228228
93.012130
70.777608
17.216824
85.577582
72.382983
55.546209
108.171265
33.836897
90.578196
31.710341
30.065479
46.237041
82.219296
32.067905
19.422518
122.345449
50.436365
87.112300
49.698050
44.598588
68.933712
31.556651
131.834637
96.598430
33.921921
51.457463
22.009948
31.109807
119.211628
43.813455
87.392566
61.976123
84.167790
106.283161
52.591352
54.539379
21.711986
50.265207
39.132653
45.974199
61.921829
65.760321
68.938771
38.648691
107.139327
52.093362
52.432679
77.752802
7.924572
62.528251
53.040661
16.840779
77.790952
99.983674
77.129832
118.596431
79.107910
120.509759
48.224985
13.571648
93.720090
107.173396
68.887526
4.817574
22.239087
34.480598
97.025275
37.114638
70.959293
111.434891
36.722556
31.427815
50.758134
56.475455
67.937859
75.255357
47.113395
47.972909
87.826583
92.555277
110.993532
87.553023
38.301108
118.057903
42.223755
39.813859
89.337494
68.316487
53.611300
74.181274
47.405783
125.485761
96.024755
46.082982
109.285705
15.655442
71.155385
77.961655
24.582059
97.644369
69.700858
58.399719
28.067723
85.357603
113.285065
114.226915
62.723844
70.594672
86.853182
47.218707
25.591222
101.127800
100.604191
103.494731
128.959098
89.774349
72.558330
48.280525
44.245869
107.548557
55.461853
67.829830
35.203151
24.910274
226.722455
150.507302
36.918473
120.207444
157.848761
68.629854
102.600828
43.972572
108.627557
91.047928
150.715720
153.845767
80.216164
48.097594
132.413292
76.154673
114.822599
87.506195
77.528044
116.271140
4.728777
52.673280
100.786579
17.308376
118.764910
196.352291
128.253384
66.350129
55.493557
124.758183
174.779028
187.550671
68.471773
104.793033
141.238765
63.863384
69.931493
126.017001
82.820446
89.332700
94.327216
93.584282
135.912430
175.889825
45.597418
197.000205
125.017572
104.113298
50.699019
121.663864
83.232660
166.825384
44.092442
92.683874
183.940269
103.441875
47.185502
158.347419
110.384015
71.152721
92.868364
203.414446
141.087942
82.527928
92.971012
147.201860
81.015661
102.569994
122.527993
93.662088
54.622904
115.693277
109.455451
95.838458
38.497055
39.995207
136.661463
112.179236
100.784422
125.415210
32.314271
93.548855
87.694080
9.798357
102.134983
71.439816
80.648945
24.767582
65.252876
16.829499
77.106782
18.916280
76.845354
51.393595
125.505967
79.114921
152.490564
69.742197
111.646455
46.361744
94.527672
98.569608
27.253882
66.543206
37.805325
71.533683
96.998989
76.446987
40.331892
83.129683
24.696866
105.260531
82.293530
64.609022
50.686364
107.545094
72.746267
47.171777
35.850723
27.920139
28.197336
44.774373
153.908419
35.486967
73.634702
41.051111
101.815088
5.123964
57.417832
47.898605
86.818544
97.094941
95.005924
52.025417
31.737399
48.787389
48.157190
60.924867
75.611628
27.614561
13.044478
99.783688
37.882993
42.274531
43.968748
63.848522
49.885377
59.296010
65.361270
27.581256
76.613382
11.758125
11.101894
57.541850
17.721639
45.524404
37.265574
26.636684
6.514962
94.318023
42.730688
47.289604
100.711039
77.131012
43.467228
81.591636
22.494705
39.165269
47.723036
20.672577
126.658482
42.621241
25.987255
33.887345
24.456867
80.336434
80.530996
41.297928
66.369547
33.725386
39.250083
46.670720
57.878747
100.916681
46.983603
49.915023
31.098786
36.509957
66.568796
39.942445
27.851433
73.391240
57.749166
102.584869
64.595553
32.106480
61.356131
61.428430
30.296001
49.815853
46.483023
37.398749
16.185279
63.915150
59.353823
83.012827
38.503768
73.126828
38.919996
51.906040
54.346596
6.275740
3.719322
28.588346
12.522453
39.905536
48.090010
24.682876
24.456815
38.984568
56.914700
61.734330
31.826559
35.434695
27.166127
19.754348
47.892015
12.321595
40.767691
26.716426
24.802123
102.457444
72.757874
102.614164
65.284999
37.360289
7.619080
57.357761
14.752658
77.889779
97.490607
26.864922
53.685003
47.088416
25.468803
45.861666
64.370267
53.338671
37.511994
15.749367
27.481686
40.202462
48.545002
65.900275
62.072976
58.513522
40.407549
86.695420
49.511506
39.629995
62.244076
22.091147
68.574318
53.943626
9.636307
42.104857
24.648670
18.259074
36.416128
23.195203
6.750670
6.180440
144.299443
15.068048
74.044820
19.834473
33.353653
75.152868
55.381054
62.870678
96.126817
94.988592
61.913061
66.030576
27.497279
25.711332
115.283888
35.875714
43.066754
43.520798
38.092713
36.498766
36.336930
53.994041
42.047464
51.088888
38.776029
90.300439
40.230114
45.439661
29.571334
31.092995
35.292493
81.349611
33.796646
9.724575
20.118841
11.852590
78.296849
23.189783
77.434344
42.960244
32.775034
38.056316
68.969262
44.849480
16.130263
25.118681
3.449691
44.105980
104.735659
49.788560
23.017156
60.743684
46.904041
68.368012
32.539254
25.863870
31.247416
70.322921
28.380217
27.894510
40.780375
111.980165
38.776245
11.418615
25.747598
20.088579
26.954850
13.841948
14.623495
51.245508
31.475345
44.605884
110.368752
50.981272
46.265652
30.398838
39.185966
30.862913
42.084039
33.937395
20.698559
74.502524
35.929246
142.135390
51.091077
81.097281
51.122729
80.976473
35.755279
44.987104
43.589574
7.413180
26.323747
64.026519
16.202285
25.688210
46.899133
19.249012
17.954521
69.908714
20.336675
46.996476
33.515094
75.489444
24.844458
67.933622
22.907867
81.440626
51.477811
44.532172
51.751755
64.740503
47.592678
56.810253
104.459337
65.501167
27.803114
104.605952
32.160333
57.868911
24.180547
49.263785
32.792012
57.793665
33.281064
30.521289
133.053956
36.408556
93.565972
61.161146
33.648253
48.822073
48.296226
80.918607
72.402194
49.949316
34.065561
22.438858
53.295911
34.647079
43.071657
36.019230
89.544482
34.540060
53.083007
78.636384
29.249160
43.799335
59.820018
46.120368
41.012169
10.029173
79.189533
45.624071
17.222218
59.937609
73.896829
19.372362
14.194629
57.242661
73.836839
55.228009
78.036478
27.298043
56.301518
87.215003
25.701790
20.263249
61.171433
50.193996
46.229492
49.289368
63.698654
8.021134
42.130529
27.260212
44.565525
41.568713
32.942129
62.173519
18.960710
66.508660
21.222652
97.868194
65.450575
46.307987
85.851132
33.435323
21.959186
24.183208
91.978815
33.857434
70.967845
47.890893
42.712599
47.147481
30.420393
7.697822
30.336619
54.762500
46.483355
36.245866
31.822713
53.558588
32.417094
27.834864
32.298095
47.656361
48.895735
76.272189
80.106839
50.402763
80.782393
39.745827
56.683040
34.833938
56.959366
56.203025
25.350796
39.091692
60.792783
55.433819
41.598948
37.759921
28.088051
95.684864
64.835904
53.605479
71.316786
19.974707
24.637587
48.580800
63.041877
21.819378
34.114659
61.267504
39.426441
19.052992
5.617623
61.079047
56.579607
28.725905
93.856769
9.441986
61.200076
43.281907
69.003296
4.291814
21.178838
50.036283
47.417178
108.917699
6.804682
96.708771
41.133875
18.013468
33.812188
30.030809
28.503592
55.736095
73.485335
28.825750
8.614619
38.326339
56.920227
55.919678
85.147746
55.359360
25.204102
46.941192
83.736211
42.955274
15.916528
31.396342
30.526075
43.702264
51.972606
55.662475
88.098197
46.380220
16.597248
9.471072
93.303956
48.624364
10.604695
27.459644
39.697416
64.442965
20.443715
24.436541
26.984144
28.002980
86.908872
38.084693
25.359187
68.873241
53.734121
22.814796
52.967041
37.333783
6.454601
44.062042
39.965906
58.207442
52.041568
38.937430
31.193192
25.464499
32.616234
12.879883
21.477082
28.566213
27.105543
33.621010
36.474614
28.366383
6.194133
79.010305
8.608952
30.833768
15.826670
16.481869
58.703687
20.219472
35.924027
39.876129
51.576012
56.153042
24.864026
22.663355
27.098116
13.127250
41.801120
32.534773
46.919004
12.867834
58.422358
47.153139
45.377953
85.845110
21.507854
18.348336
64.666363
135.188259
19.056352
56.243093
65.796334
51.217276
44.316779
33.248173
19.169586
71.235226
36.710732
44.989989
67.901853
50.497107
5.928157
48.830128
77.671838
66.246180
62.207505
44.780493
75.957007
38.018401
77.353842
53.289354
9.157386
71.021184
31.554881
29.705654
69.890111
82.678852
31.264306
97.748685
58.949473
7.303132
56.701229
21.964725
77.042001
35.216817
48.237381
27.805812
35.598965
34.991044
17.434912
52.834727
52.172848
33.413063
39.682674
16.502248
63.608923
36.846583
25.161388
53.174797
14.550392
63.896703
9.524134
89.438393
53.772610
14.479645
74.673524
78.329884
41.821855
29.239333
36.935569
10.317004
23.358929
27.905432
34.946531
10.531284
48.350490
32.455024
42.065147
55.640904
15.482722
20.867835
52.132938
41.494352
29.459989
31.302469
50.365645
22.911282
27.195736
53.980961
7.336576
8.945856
28.053200
25.636555
26.706491
6.241346
16.043658
19.764079
38.478523
33.508434
11.145661
11.710874
33.818168
32.504773
68.864253
58.374901
42.312370
20.230201
28.557533
56.507328
52.875477
33.630136
46.453273
48.202685
52.464313
54.300623
11.304646
49.562354
32.082439
56.789733
34.822186
58.106481
28.708461
35.024205
31.252025
25.785469
28.867021
66.668175
28.736405
42.299379
33.105524
118.120858
59.825802
24.683002
38.315121
63.220673
19.346703
60.171744
29.709680
78.745475
10.634125
83.104475
8.745168
27.501257
25.749851
24.255100
17.617141
34.634702
29.276322
23.528544
35.589408
18.810214
34.809516
19.511723
20.127034
78.595404
80.299632
32.817889
24.415911
24.655070
47.401905
34.196679
21.237410
4.041219
14.607215
22.149564
0.288634
16.057351
24.352659
35.945960
42.444844
31.890849
18.936263
15.616461
28.361363
7.098417
53.903053
62.432030
9.354776
33.136402
27.153871
65.998908
23.967337
37.683016
25.203731
22.256724
79.669135
10.059055
15.954372
26.369383
18.520995
29.476675
43.936727
66.959448
84.913981
53.353960
30.889154
46.905577
29.857981
6.011323
34.023383
40.497233
23.783361
59.954764
25.506802
16.329626
32.525755
16.002018
35.410614
18.763944
8.705781
27.835757
9.970731
26.099227
20.127577
65.292780
53.249265
34.100153
12.374829
14.286810
33.494262
14.786879
29.662647
40.241711
28.204975
33.350503
28.111994
17.539420
23.970229
40.088962
21.567011
17.681084
63.176390
71.897498
35.081721
104.013262
18.253757
44.131588
46.616442
7.058796
28.103894
59.074894
19.905667
34.940969
40.258732
74.672153
42.213045
70.500716
20.462106
38.559339
26.801509
28.353817
22.055097
53.243516
22.694513
44.182859
38.640566
24.262251
23.633951
21.017983
6.509808
16.633473
15.362895
26.951332
54.008066
39.014581
49.626440
30.861723
24.638114
33.789495
40.943622
21.542232
25.027155
34.818479
47.593914
36.944072
16.624154
69.556681
8.834170
40.250074
36.806866
33.197868
46.967622
63.342342
52.636190
36.322279
27.166287
48.958406
20.941910
44.424587
27.226999
18.683603
28.355075
50.991667
15.597986
3.445315
14.214274
105.112153
16.992718
6.808965
25.065448
46.859996
18.095784
21.634869
39.579810
29.732184
32.219267
12.875718
29.337265
11.661810
13.852249
65.441455
27.985477
37.030000
24.878021
23.956286
46.752740
56.456708
70.005251
20.400427
30.139593
23.319680
25.402116
21.272463
13.391380
42.980528
18.538182
30.487952
21.111208
45.447122
41.851960
31.696932
43.455845
58.352234
50.335295
32.613077
7.722407
60.685669
46.012930
59.596027
21.947685
5.331205
69.100423
48.255211
54.826923
35.580782
38.364933
93.923788
19.019418
60.743553
52.199555
31.950115
46.872240
63.396910
63.160414
4.399300
70.202636
1.501551
44.118632
53.130130
44.563388
3.975732
11.338226
38.689948
41.634790
61.128460
30.155339
41.997928
19.130670
36.441819
27.745027
25.671302
35.225597
5.906990
55.515496
28.185170
11.005624
70.253000
24.230770
36.917100
27.494655
70.683769
6.130380
40.333717
85.787507
29.087224
38.873543
42.729326
57.812102
8.164933
26.603684
26.728650
31.440112
33.230256
11.847075
19.381133
58.165734
14.697891
12.696910
37.393387
34.326875
34.801491
32.786389
28.203789
17.253327
42.503458
25.906843
51.748254
36.179067
23.824834
26.233585
36.229851
47.942281
40.177957
62.320642
36.796836
63.697581
42.536921
33.460547
6.816625
12.752711
15.207578
49.348554
14.120524
38.170612
25.047202
26.461041
31.980433
35.965449
26.057093
48.749338
29.999789
33.386195
18.274964
39.611717
68.536940
37.181040
18.840961
36.543056
21.437599
21.837669
53.822128
34.265717
63.817447
79.326873
28.881769
66.667232
43.403374
22.618256
24.589071
72.191239
33.992062
4.626358
36.235693
45.922895
20.058731
3.124619
28.807535
21.361492
29.832727
6.408256
70.218252
17.915955
15.483725
30.059148
10.555955
58.025142
31.425312
19.370428
82.814000
21.956190
47.764533
2.539315
17.827299
15.255998
33.101513
33.504295
33.537534
36.798412
40.902931
43.692136
49.446880
22.248635
12.018833
11.773674
36.289696
18.850029
24.059594
36.403080
52.199654
50.441373
4.820745
70.410976
53.577251
8.024240
20.775154
3.781208
20.163373
44.470338
54.930255
24.514997
40.272181
11.235530
20.451849
33.869794
40.515083
25.349097
40.143838
15.018287
44.630181
30.879451
27.712891
14.952184
35.181447
17.334721
44.371346
38.506082
13.414207
37.225796
14.758123
7.121746
41.062349
36.150482
56.891479
21.634151
9.929001
53.633393
29.770170
15.036190
53.917478
55.952647
21.729303
9.243680
29.994427
14.806985
72.020104
37.542323
4.968638
71.599807
47.207599
39.622942
7.955555
45.329825
58.965213
10.249620
22.445130
11.462308
56.622872
63.262386
20.700992
22.475383
73.440183
49.871442
32.369242
8.303633
26.240217
15.838347
8.215687
38.452881
41.801628
41.473385
46.579301
50.880376
58.372326
53.026334
22.166174
22.139529
47.051549
24.813099
51.617815
49.617551
78.705196
20.382464
54.389497
34.296153
32.570757
43.813844
50.804413
13.638789
55.655999
60.773222
30.400675
12.495846
42.107312
26.567917
18.754475
22.040240
24.228317
17.655623
21.005186
54.139190
22.067174
16.494345
18.325785
21.817056
26.958423
47.922721
22.217791
11.872197
62.802855
43.750704
49.402219
36.355171
42.598262
28.333622
33.664963
64.448988
11.158071
33.323069
20.676371
37.340974
6.488246
54.225458
25.749025
39.370911
31.663167
7.455942
22.614219
15.608414
5.979192
29.924709
44.978850
15.590170
81.004767
42.747488
67.817997
32.268944
27.689515
36.275129
28.342758
20.470710
29.883393
52.112286
20.365677
48.085710
29.516087
10.214166
19.288234
69.009361
14.211647
48.465884
11.000867
34.726977
67.689819
26.887555
42.370294
53.024550
27.066257
52.096004
25.008248
17.928916
47.602153
32.241338
24.834275
34.637150
4.933445
58.690239
46.253733
3.261243
40.991723
51.542142
21.129667
2.195677
30.260471
34.733499
83.071057
24.699861
9.628219
35.314028
41.987267
12.853932
44.300061
36.239317
9.806327
43.496738
35.276383
29.956658
42.199205
40.411544
19.479795
32.210705
50.520795
68.387779
21.693540
29.767851
55.063658
30.081177
36.552727
76.401395
52.719649
70.370474
40.320130
40.011261
42.644656
28.753443
24.788195
44.237069
41.261563
37.154069
22.108119
26.309883
44.169207
31.158763
36.136463
51.230391
12.138605
64.540303
11.764064
36.794307
29.290661
20.274132
49.873212
23.296631
15.401371
8.483034
28.838096
37.206070
43.975696
22.688418
41.694991
37.376216
8.594426
20.993418
47.677427
28.472186
21.985992
75.993110
34.915507
37.684641
18.650663
32.255578
43.163996
28.991749
54.304708
43.662564
57.546680
55.746557
33.350740
32.143912
19.743497
16.806499
9.096379
32.764094
21.474676
26.250956
8.846637
50.897886
39.823570
30.194613
45.702292
52.685627
54.786597
35.919587
16.978525
52.790882
11.672511
84.125643
51.879408
33.246985
29.876372
13.609809
14.819055
29.131966
38.344764
50.800682
45.819213
52.426508
21.332368
40.702781
36.589561
22.521874
77.308014
34.325629
20.221722
9.997282
50.268225
33.629138
3.471233
20.970286
20.724126
24.174188
15.158318
29.950783
32.076330
47.855443
51.465170
7.738790
36.017335
29.436967
25.915971
39.545104
47.286328
32.365393
23.017016
25.497248
43.128486
28.193350
21.404738
37.623408
34.277542
46.227127
38.478639
42.513804
37.381678
9.872241
51.985725
36.304082
18.812747
40.087757
41.392689
10.687646
30.861119
29.969702
19.931643
10.128694
4.177290
9.033993
35.297925
17.890596
5.230280
29.570247
37.738968
24.781914
5.597338
27.939810
18.431833
23.176012
39.592141
35.593162
78.585666
44.259644
45.363834
39.767296
24.211292
5.542831
39.008129
18.606618
16.476780
26.775664
75.792541
64.480216
33.227242
23.289395
46.439331
31.816835
10.026794
28.920322
48.147436
35.140152
5.671248
31.197741
24.176727
7.154068
30.461621
11.890983
61.755972
45.703307
16.214633
48.129392
16.463751
25.163168
12.811429
60.831151
11.389697
44.468121
34.415015
24.231664
30.970871
37.763169
44.670503
6.622870
20.884507
52.397010
33.089419
17.247154
33.094954
7.782834
14.678245
7.114990
22.026181
27.277813
24.614553
32.141642
34.235329
29.053051
36.267206
9.082311
32.647537
20.877231
39.599005
11.816258
16.366621
18.665316
16.034114
17.014540
37.743252
53.607938
24.952733
29.353068
21.482041
44.082339
45.535971
41.945771
26.887285
55.893460
34.323207
19.415463
5.074194
16.899189
49.542905
31.546064
22.484305
31.946793
12.223518
13.389298
41.005372
48.842491
36.789573
1.587708
16.449976
36.859732
29.237082
35.926695
29.498609
14.226738
13.608752
40.538796
23.836748
22.220891
25.305935
47.216159
15.778117
43.951805
12.280483
24.996254
42.675899
11.671717
60.077110
16.366642
36.215401
3.989248
41.380048
39.443972
30.352037
17.986076
23.333322
17.986076
30.352037
39.443972
41.380048
3.989248
36.215401
16.366642
60.077110
11.671717
42.675899
24.996254
12.280483
43.951805
15.778117
47.216159
25.305935
22.220891
23.836748
40.538796
13.608752
14.226738
29.498609
35.926695
29.237082
36.859732
16.449976
1.587708
36.789573
48.842491
41.005372
13.389298
12.223518
31.946793
22.484305
31.546064
49.542905
16.899189
5.074194
19.415463
34.323207
55.893460
26.887285
41.945771
45.535971
44.082339
21.482041
29.353068
24.952733
53.607938
37.743252
17.014540
16.034114
18.665316
16.366621
11.816258
39.599005
20.877231
32.647537
9.082311
36.267206
29.053051
34.235329
32.141642
24.614553
27.277813
22.026181
7.114990
14.678245
7.782834
33.094954
17.247154
33.089419
52.397010
20.884507
6.622870
44.670503
37.763169
30.970871
24.231664
34.415015
44.468121
11.389697
60.831151
12.811429
25.163168
16.463751
48.129392
16.214633
45.703307
61.755972
11.890983
30.461621
7.154068
24.176727
31.197741
5.671248
35.140152
48.147436
28.920322
10.026794
31.816835
46.439331
23.289395
33.227242
64.480216
75.792541
26.775664
16.476780
18.606618
39.008129
5.542831
24.211292
39.767296
45.363834
44.259644
78.585666
35.593162
39.592141
23.176012
18.431833
27.939810
5.597338
24.781914
37.738968
29.570247
5.230280
17.890596
35.297925
9.033993
4.177290
10.128694
19.931643
29.969702
30.861119
10.687646
41.392689
40.087757
18.812747
36.304082
51.985725
9.872241
37.381678
42.513804
38.478639
46.227127
34.277542
37.623408
21.404738
28.193350
43.128486
25.497248
23.017016
32.365393
47.286328
39.545104
25.915971
29.436967
36.017335
7.738790
51.465170
47.855443
32.076330
29.950783
15.158318
24.174188
20.724126
20.970286
3.471233
33.629138
50.268225
9.997282
20.221722
34.325629
77.308014
22.521874
36.589561
40.702781
21.332368
52.426508
45.819213
50.800682
38.344764
29.131966
14.819055
13.609809
29.876372
33.246985
51.879408
84.125643
11.672511
52.790882
16.978525
35.919587
54.786597
52.685627
45.702292
30.194613
39.823570
50.897886
8.846637
26.250956
21.474676
32.764094
9.096379
16.806499
19.743497
32.143912
33.350740
55.746557
57.546680
43.662564
54.304708
28.991749
43.163996
32.255578
18.650663
37.684641
34.915507
75.993110
21.985992
28.472186
47.677427
20.993418
8.594426
37.376216
41.694991
22.688418
43.975696
37.206070
28.838096
8.483034
15.401371
23.296631
49.873212
20.274132
29.290661
36.794307
11.764064
64.540303
12.138605
51.230391
36.136463
31.158763
44.169207
26.309883
22.108119
37.154069
41.261563
44.237069
24.788195
28.753443
42.644656
40.011261
40.320130
70.370474
52.719649
76.401395
36.552727
30.081177
55.063658
29.767851
21.693540
68.387779
50.520795
32.210705
19.479795
40.411544
42.199205
29.956658
35.276383
43.496738
9.806327
36.239317
44.300061
12.853932
41.987267
35.314028
9.628219
24.699861
83.071057
34.733499
30.260471
2.195677
21.129667
51.542142
40.991723
3.261243
46.253733
58.690239
4.933445
34.637150
24.834275
32.241338
47.602153
17.928916
25.008248
52.096004
27.066257
53.024550
42.370294
26.887555
67.689819
34.726977
11.000867
48.465884
14.211647
69.009361
19.288234
10.214166
29.516087
48.085710
20.365677
52.112286
29.883393
20.470710
28.342758
36.275129
27.689515
32.268944
67.817997
42.747488
81.004767
15.590170
44.978850
29.924709
5.979192
15.608414
22.614219
7.455942
31.663167
39.370911
25.749025
54.225458
6.488246
37.340974
20.676371
33.323069
11.158071
64.448988
33.664963
28.333622
42.598262
36.355171
49.402219
43.750704
62.802855
11.872197
22.217791
47.922721
26.958423
21.817056
18.325785
16.494345
22.067174
54.139190
21.005186
17.655623
24.228317
22.040240
18.754475
26.567917
42.107312
12.495846
30.400675
60.773222
55.655999
13.638789
50.804413
43.813844
32.570757
34.296153
54.389497
20.382464
78.705196
49.617551
51.617815
24.813099
47.051549
22.139529
22.166174
53.026334
58.372326
50.880376
46.579301
41.473385
41.801628
38.452881
8.215687
15.838347
26.240217
8.303633
32.369242
49.871442
73.440183
22.475383
20.700992
63.262386
56.622872
11.462308
22.445130
10.249620
58.965213
45.329825
7.955555
39.622942
47.207599
71.599807
4.968638
37.542323
72.020104
14.806985
29.994427
9.243680
21.729303
55.952647
53.917478
15.036190
29.770170
53.633393
9.929001
21.634151
56.891479
36.150482
41.062349
7.121746
14.758123
37.225796
13.414207
38.506082
44.371346
17.334721
35.181447
14.952184
27.712891
30.879451
44.630181
15.018287
40.143838
25.349097
40.515083
33.869794
20.451849
11.235530
40.272181
24.514997
54.930255
44.470338
20.163373
3.781208
20.775154
8.024240
53.577251
70.410976
4.820745
50.441373
52.199654
36.403080
24.059594
18.850029
36.289696
11.773674
12.018833
22.248635
49.446880
43.692136
40.902931
36.798412
33.537534
33.504295
33.101513
15.255998
17.827299
2.539315
47.764533
21.956190
82.814000
19.370428
31.425312
58.025142
10.555955
30.059148
15.483725
17.915955
70.218252
6.408256
29.832727
21.361492
28.807535
3.124619
20.058731
45.922895
36.235693
4.626358
33.992062
72.191239
24.589071
22.618256
43.403374
66.667232
28.881769
79.326873
63.817447
34.265717
53.822128
21.837669
21.437599
36.543056
18.840961
37.181040
68.536940
39.611717
18.274964
33.386195
29.999789
48.749338
26.057093
35.965449
31.980433
26.461041
25.047202
38.170612
14.120524
49.348554
15.207578
12.752711
6.816625
33.460547
42.536921
63.697581
36.796836
62.320642
40.177957
47.942281
36.229851
26.233585
23.824834
36.179067
51.748254
25.906843
42.503458
17.253327
28.203789
32.786389
34.801491
34.326875
37.393387
12.696910
14.697891
58.165734
19.381133
11.847075
33.230256
31.440112
26.728650
26.603684
8.164933
57.812102
42.729326
38.873543
29.087224
85.787507
40.333717
6.130380
70.683769
27.494655
36.917100
24.230770
70.253000
11.005624
28.185170
55.515496
5.906990
35.225597
25.671302
27.745027
36.441819
19.130670
41.997928
30.155339
61.128460
41.634790
38.689948
11.338226
3.975732
44.563388
53.130130
44.118632
1.501551
70.202636
4.399300
63.160414
63.396910
46.872240
31.950115
52.199555
60.743553
19.019418
93.923788
38.364933
35.580782
54.826923
48.255211
69.100423
5.331205
21.947685
59.596027
46.012930
60.685669
7.722407
32.613077
50.335295
58.352234
43.455845
31.696932
41.851960
45.447122
21.111208
30.487952
18.538182
42.980528
13.391380
21.272463
25.402116
23.319680
30.139593
20.400427
70.005251
56.456708
46.752740
23.956286
24.878021
37.030000
27.985477
65.441455
13.852249
11.661810
29.337265
12.875718
32.219267
29.732184
39.579810
21.634869
18.095784
46.859996
25.065448
6.808965
16.992718
105.112153
14.214274
3.445315
15.597986
50.991667
28.355075
18.683603
27.226999
44.424587
20.941910
48.958406
27.166287
36.322279
52.636190
63.342342
46.967622
33.197868
36.806866
40.250074
8.834170
69.556681
16.624154
36.944072
47.593914
34.818479
25.027155
21.542232
40.943622
33.789495
24.638114
30.861723
49.626440
39.014581
54.008066
26.951332
15.362895
16.633473
6.509808
21.017983
23.633951
24.262251
38.640566
44.182859
22.694513
53.243516
22.055097
28.353817
26.801509
38.559339
20.462106
70.500716
42.213045
74.672153
40.258732
34.940969
19.905667
59.074894
28.103894
7.058796
46.616442
44.131588
18.253757
104.013262
35.081721
71.897498
63.176390
17.681084
21.567011
40.088962
23.970229
17.539420
28.111994
33.350503
28.204975
40.241711
29.662647
14.786879
33.494262
14.286810
12.374829
34.100153
53.249265
65.292780
20.127577
26.099227
9.970731
27.835757
8.705781
18.763944
35.410614
16.002018
32.525755
16.329626
25.506802
59.954764
23.783361
40.497233
34.023383
6.011323
29.857981
46.905577
30.889154
53.353960
84.913981
66.959448
43.936727
29.476675
18.520995
26.369383
15.954372
10.059055
79.669135
22.256724
25.203731
37.683016
23.967337
65.998908
27.153871
33.136402
9.354776
62.432030
53.903053
7.098417
28.361363
15.616461
18.936263
31.890849
42.444844
35.945960
24.352659
16.057351
0.288634
22.149564
14.607215
4.041219
21.237410
34.196679
47.401905
24.655070
24.415911
32.817889
80.299632
78.595404
20.127034
19.511723
34.809516
18.810214
35.589408
23.528544
29.276322
34.634702
17.617141
24.255100
25.749851
27.501257
8.745168
83.104475
10.634125
78.745475
29.709680
60.171744
19.346703
63.220673
38.315121
24.683002
59.825802
118.120858
33.105524
42.299379
28.736405
66.668175
28.867021
25.785469
31.252025
35.024205
28.708461
58.106481
34.822186
56.789733
32.082439
49.562354
11.304646
54.300623
52.464313
48.202685
46.453273
33.630136
52.875477
56.507328
28.557533
20.230201
42.312370
58.374901
68.864253
32.504773
33.818168
11.710874
11.145661
33.508434
38.478523
19.764079
16.043658
6.241346
26.706491
25.636555
28.053200
8.945856
7.336576
53.980961
27.195736
22.911282
50.365645
31.302469
29.459989
41.494352
52.132938
20.867835
15.482722
55.640904
42.065147
32.455024
48.350490
10.531284
34.946531
27.905432
23.358929
10.317004
36.935569
29.239333
41.821855
78.329884
74.673524
14.479645
53.772610
89.438393
9.524134
63.896703
14.550392
53.174797
25.161388
36.846583
63.608923
16.502248
39.682674
33.413063
52.172848
52.834727
17.434912
34.991044
35.598965
27.805812
48.237381
35.216817
77.042001
21.964725
56.701229
7.303132
58.949473
97.748685
31.264306
82.678852
69.890111
29.705654
31.554881
71.021184
9.157386
53.289354
77.353842
38.018401
75.957007
44.780493
62.207505
66.246180
77.671838
48.830128
5.928157
50.497107
67.901853
44.989989
36.710732
71.235226
19.169586
33.248173
44.316779
51.217276
65.796334
56.243093
19.056352
135.188259
64.666363
18.348336
21.507854
85.845110
45.377953
47.153139
58.422358
12.867834
46.919004
32.534773
41.801120
13.127250
27.098116
22.663355
24.864026
56.153042
51.576012
39.876129
35.924027
20.219472
58.703687
16.481869
15.826670
30.833768
8.608952
79.010305
6.194133
28.366383
36.474614
33.621010
27.105543
28.566213
21.477082
12.879883
32.616234
25.464499
31.193192
38.937430
52.041568
58.207442
39.965906
44.062042
6.454601
37.333783
52.967041
22.814796
53.734121
68.873241
25.359187
38.084693
86.908872
28.002980
26.984144
24.436541
20.443715
64.442965
39.697416
27.459644
10.604695
48.624364
93.303956
9.471072
16.597248
46.380220
88.098197
55.662475
51.972606
43.702264
30.526075
31.396342
15.916528
42.955274
83.736211
46.941192
25.204102
55.359360
85.147746
55.919678
56.920227
38.326339
8.614619
28.825750
73.485335
55.736095
28.503592
30.030809
33.812188
18.013468
41.133875
96.708771
6.804682
108.917699
47.417178
50.036283
21.178838
4.291814
69.003296
43.281907
61.200076
9.441986
93.856769
28.725905
56.579607
61.079047
5.617623
19.052992
39.426441
61.267504
34.114659
21.819378
63.041877
48.580800
24.637587
19.974707
71.316786
53.605479
64.835904
95.684864
28.088051
37.759921
41.598948
55.433819
60.792783
39.091692
25.350796
56.203025
56.959366
34.833938
56.683040
39.745827
80.782393
50.402763
80.106839
76.272189
48.895735
47.656361
32.298095
27.834864
32.417094
53.558588
31.822713
36.245866
46.483355
54.762500
30.336619
7.697822
30.420393
47.147481
42.712599
47.890893
70.967845
33.857434
91.978815
24.183208
21.959186
33.435323
85.851132
46.307987
65.450575
97.868194
21.222652
66.508660
18.960710
62.173519
32.942129
41.568713
44.565525
27.260212
42.130529
8.021134
63.698654
49.289368
46.229492
50.193996
61.171433
20.263249
25.701790
87.215003
56.301518
27.298043
78.036478
55.228009
73.836839
57.242661
14.194629
19.372362
73.896829
59.937609
17.222218
45.624071
79.189533
10.029173
41.012169
46.120368
59.820018
43.799335
29.249160
78.636384
53.083007
34.540060
89.544482
36.019230
43.071657
34.647079
53.295911
22.438858
34.065561
49.949316
72.402194
80.918607
48.296226
48.822073
33.648253
61.161146
93.565972
36.408556
133.053956
30.521289
33.281064
57.793665
32.792012
49.263785
24.180547
57.868911
32.160333
104.605952
27.803114
65.501167
104.459337
56.810253
47.592678
64.740503
51.751755
44.532172
51.477811
81.440626
22.907867
67.933622
24.844458
75.489444
33.515094
46.996476
20.336675
69.908714
17.954521
19.249012
46.899133
25.688210
16.202285
64.026519
26.323747
7.413180
43.589574
44.987104
35.755279
80.976473
51.122729
81.097281
51.091077
142.135390
35.929246
74.502524
20.698559
33.937395
42.084039
30.862913
39.185966
30.398838
46.265652
50.981272
110.368752
44.605884
31.475345
51.245508
14.623495
13.841948
26.954850
20.088579
25.747598
11.418615
38.776245
111.980165
40.780375
27.894510
28.380217
70.322921
31.247416
25.863870
32.539254
68.368012
46.904041
60.743684
23.017156
49.788560
104.735659
44.105980
3.449691
25.118681
16.130263
44.849480
68.969262
38.056316
32.775034
42.960244
77.434344
23.189783
78.296849
11.852590
20.118841
9.724575
33.796646
81.349611
35.292493
31.092995
29.571334
45.439661
40.230114
90.300439
38.776029
51.088888
42.047464
53.994041
36.336930
36.498766
38.092713
43.520798
43.066754
35.875714
115.283888
25.711332
27.497279
66.030576
61.913061
94.988592
96.126817
62.870678
55.381054
75.152868
33.353653
19.834473
74.044820
15.068048
144.299443
6.180440
6.750670
23.195203
36.416128
18.259074
24.648670
42.104857
9.636307
53.943626
68.574318
22.091147
62.244076
39.629995
49.511506
86.695420
40.407549
58.513522
62.072976
65.900275
48.545002
40.202462
27.481686
15.749367
37.511994
53.338671
64.370267
45.861666
25.468803
47.088416
53.685003
26.864922
97.490607
77.889779
14.752658
57.357761
7.619080
37.360289
65.284999
102.614164
72.757874
102.457444
24.802123
26.716426
40.767691
12.321595
47.892015
19.754348
27.166127
35.434695
31.826559
61.734330
56.914700
38.984568
24.456815
24.682876
48.090010
39.905536
12.522453
28.588346
3.719322
6.275740
54.346596
51.906040
38.919996
73.126828
38.503768
83.012827
59.353823
63.915150
16.185279
37.398749
46.483023
49.815853
30.296001
61.428430
61.356131
32.106480
64.595553
102.584869
57.749166
73.391240
27.851433
39.942445
66.568796
36.509957
31.098786
49.915023
46.983603
100.916681
57.878747
46.670720
39.250083
33.725386
66.369547
41.297928
80.530996
80.336434
24.456867
33.887345
25.987255
42.621241
126.658482
20.672577
47.723036
39.165269
22.494705
81.591636
43.467228
77.131012
100.711039
47.289604
42.730688
94.318023
6.514962
26.636684
37.265574
45.524404
17.721639
57.541850
11.101894
11.758125
76.613382
27.581256
65.361270
59.296010
49.885377
63.848522
43.968748
42.274531
37.882993
99.783688
13.044478
27.614561
75.611628
60.924867
48.157190
48.787389
31.737399
52.025417
95.005924
97.094941
86.818544
47.898605
57.417832
5.123964
101.815088
41.051111
73.634702
35.486967
153.908419
44.774373
28.197336
27.920139
35.850723
47.171777
72.746267
107.545094
50.686364
64.609022
82.293530
105.260531
24.696866
83.129683
40.331892
76.446987
96.998989
71.533683
37.805325
66.543206
27.253882
98.569608
94.527672
46.361744
111.646455
69.742197
152.490564
79.114921
125.505967
51.393595
76.845354
18.916280
77.106782
16.829499
65.252876
24.767582
80.648945
71.439816
102.134983
9.798357
87.694080
93.548855
32.314271
125.415210
100.784422
112.179236
136.661463
39.995207
38.497055
95.838458
109.455451
115.693277
54.622904
93.662088
122.527993
102.569994
81.015661
147.201860
92.971012
82.527928
141.087942
203.414446
92.868364
71.152721
110.384015
158.347419
47.185502
103.441875
183.940269
92.683874
44.092442
166.825384
83.232660
121.663864
50.699019
104.113298
125.017572
197.000205
45.597418
175.889825
135.912430
93.584282
94.327216
89.332700
82.820446
126.017001
69.931493
63.863384
141.238765
104.793033
68.471773
187.550671
174.779028
124.758183
55.493557
66.350129
128.253384
196.352291
118.764910
17.308376
100.786579
52.673280
4.728777
116.271140
77.528044
87.506195
114.822599
76.154673
132.413292
48.097594
80.216164
153.845767
150.715720
91.047928
108.627557
43.972572
102.600828
68.629854
157.848761
120.207444
36.918473
150.507302
226.722455
24.910274
35.203151
67.829830
55.461853
107.548557
44.245869
48.280525
72.558330
89.774349
128.959098
103.494731
100.604191
101.127800
25.591222
47.218707
86.853182
70.594672
62.723844
114.226915
113.285065
85.357603
28.067723
58.399719
69.700858
97.644369
24.582059
77.961655
71.155385
15.655442
109.285705
46.082982
96.024755
125.485761
47.405783
74.181274
53.611300
68.316487
89.337494
39.813859
42.223755
118.057903
38.301108
87.553023
110.993532
92.555277
87.826583
47.972909
47.113395
75.255357
67.937859
56.475455
50.758134
31.427815
36.722556
111.434891
70.959293
37.114638
97.025275
34.480598
22.239087
4.817574
68.887526
107.173396
93.720090
13.571648
48.224985
120.509759
79.107910
118.596431
77.129832
99.983674
77.790952
16.840779
53.040661
62.528251
7.924572
77.752802
52.432679
52.093362
107.139327
38.648691
68.938771
65.760321
61.921829
45.974199
39.132653
50.265207
21.711986
54.539379
52.591352
106.283161
84.167790
61.976123
87.392566
43.813455
119.211628
31.109807
22.009948
51.457463
33.921921
96.598430
131.834637
31.556651
68.933712
44.598588
49.698050
87.112300
50.436365
122.345449
19.422518
32.067905
82.219296
46.237041
30.065479
31.710341
90.578196
33.836897
108.171265
55.546209
72.382983
85.577582
17.216824
70.777608
93.012130
97.228228
58.012298
61.486218
98.550956
48.375994
86.162296
75.319767
73.389753
47.888933
51.039485
74.348220
143.416451
73.817871
41.477299
56.283747
12.531606
91.758387
74.340349
25.588689
35.373755
15.867645
77.559524
96.836730
35.939844
91.542602
74.478745
139.229253
28.748166
34.203414
91.659316
32.330644
23.920323
30.005489
31.410345
81.194108
60.236458
31.457810
44.262466
11.117711
111.694706
44.264725
60.581827
40.748696
84.624174
36.486711
20.902722
122.277276
45.605490
114.038619
43.217917
71.646950
41.539659
55.219248
66.192748
75.144236
47.217979
98.978478
40.535374
26.670680
98.266340
73.608574
70.054164
52.958465
41.792327
51.803766
23.472712
80.630975
62.478823
95.421056
27.495494
127.679373
58.482720
25.704196
18.673210
103.844452
25.968312
37.248294
53.614954
53.159195
91.796052
67.969584
42.912681
5.658853
48.647153
23.767034
93.202212
30.907409
44.644156
33.627001
55.982659
99.926302
118.328097
118.066909
39.517722
51.443016
60.993969
57.058899
40.604772
32.561248
59.224651
19.325265
87.986407
55.302294
65.664601
44.237344
81.969768
33.222489
38.272417
129.692606
30.308181
106.010757
14.713014
62.895296
15.044086
95.176849
32.294257
57.280705
59.107938
69.066457
23.007434
84.697773
63.205772
5.094045
35.201371
15.002017
56.963330
68.323393
158.903504
16.847504
126.632452
52.731166
47.936509
86.531655
16.107760
66.704316
49.226612
77.962409
108.397398
46.943171
40.220509
68.336460
85.675617
34.976767
65.277423
43.792258
16.905612
107.578094
98.838964
80.618955
12.124591
127.502675
70.887337
82.320768
50.820547
58.723658
15.686611
31.119564
32.423686
64.377062
117.348669
113.790292
58.266681
77.940216
51.640475
49.267632
77.083387
57.217514
128.578123
79.951565
64.683738
117.123138
58.023613
52.127360
11.839470
30.097528
48.762588
45.840213
15.910137
129.307881
75.109853
33.764230
81.127143
84.403199
86.934392
10.799854
140.967074
29.721706
52.381954
90.599239
27.434422
23.944748
23.545500
70.588843
90.300136
60.827127
30.731244
57.723496
90.104551
102.075441
65.659732
30.352473
34.166725
96.553753
69.923894
63.573992
58.970251
30.272052
85.891931
73.700847
86.248843
57.102433
75.502546
25.250695
65.071634
72.412618
60.240513
119.836118
65.105250
90.207454
92.230472
76.095108
117.836266
57.201835
68.512917
60.556732
50.543605
58.824240
52.809419
67.146780
87.056839
75.298870
59.649951
17.631995
86.917419
64.559628
37.858084
17.750984
101.587444
67.920065
149.622439
119.225843
89.082927
82.296504
26.826787
142.137191
72.887859
39.161484
27.791733
61.022700
46.641777
93.111755
30.991587
52.836860
40.444044
55.847198
72.834276
52.638207
36.266995
101.921437
20.452435
60.553255
67.980759
4.550810
158.240901
67.007576
34.064634
29.064561
41.684185
78.650959
70.448778
75.120929
54.363974
44.599567
99.165236
63.016133
45.622395
104.010344
50.234273
101.172071
43.920718
23.108107
36.141069
39.676527
69.110368
42.519160
85.473299
30.194160
54.784030
114.105601
60.197193
20.186381
74.215972
16.550948
37.295973
89.588486
17.370462
62.040316
32.379764
79.036973
101.067235
76.753402
25.340369
69.040118
49.873139
2.014608
110.882899
127.958860
78.595470
60.447541
58.602491
54.594055
150.128364
75.537622
98.154104
55.178280
62.643072
22.438435
63.888244
30.770081
81.804002
89.190928
65.440308
49.936807
106.779303
106.254626
18.102340
89.527789
60.861988
96.503816
40.670265
90.875078
157.597422
108.363853
35.890856
121.194081
40.936343
100.909714
88.464049
40.498050
45.875627
115.059835
72.433682
109.714392
61.213383
33.307512
62.702130
51.846736
35.865863
21.161973
34.479232
76.072265
108.139764
75.413357
26.907308
75.921121
78.166851
40.590502
111.177749
14.496392
81.576446
16.825283
47.879369
87.104109
89.918920
75.043726
42.763399
96.346085
100.858578
109.587246
21.673895
26.920017
80.253834
63.094275
38.624658
116.143194
90.067279
36.965769
131.329541
87.955284
163.788917
56.663332
99.659995
19.926815
95.830517
68.831341
94.464890
74.246966
117.246076
51.281493
48.742432
94.916787
18.106450
30.018600
89.025608
50.135224
116.376381
86.114048
102.788134
30.841894
58.559032
102.604607
52.534233
29.458522
68.782520
42.307770
41.393657
62.645557
24.938067
133.427960
40.392122
28.996231
31.654926
35.252458
86.750218
106.388149
70.433917
121.250235
31.294832
91.923456
73.262952
62.032741
143.475991
35.714203
90.659566
106.608733
107.615279
37.858062
64.327955
61.135723
99.559894
115.697814
101.137936
25.735504
52.974768
33.220455
130.944344
31.114165
73.516939
128.864820
43.775297
101.047534
27.722933
70.809764
91.232930
128.780971
80.929748
8.974641
66.311400
41.064744
72.187028
123.049425
72.607067
86.281878
195.711901
45.904304
62.651584
71.783629
19.554281
66.084269
103.317212
147.631483
148.827458
206.733260
84.792692
103.334082
85.427646
18.741902
110.714330
100.725978
149.619851
100.878150
102.026152
223.143072
61.870931
85.524710
84.031989
162.712149
122.497740
92.025889
83.857289
102.719260
169.911041
169.284786
98.588380
46.202870
166.144510
37.028115
176.239291
108.615931
79.775759
104.870734
73.616767
83.007969
169.323712
113.914601
204.030908
41.803591
180.752748
168.563518
121.433756
71.796095
146.767325
201.913646
114.833462
183.094738
66.236404
195.848110
282.299465
71.352750
133.871063
132.222551
126.393956
162.745361
100.561975
86.588219
341.994766
83.054457
198.352222
203.624820
187.816226
27.047431
157.526752
168.983601
175.892699
37.389186
174.602999
337.629847
102.406246
130.853946
294.455343
415.936761
86.317301
339.493539
212.274145
169.099255
76.113219
166.571113
218.259832
372.986377
150.283026
435.881908
286.549358
88.744633
85.620519
91.173877
170.833370
195.569406
85.600418
170.287482
178.196897
183.494901
196.322934
260.036235
122.066144
98.983884
62.779742
145.248276
361.362133
339.822000
222.652695
308.135309
256.472120
152.519993
81.321690
177.279974
214.489930
208.357901
53.410804
128.516876
387.906799
167.352445
167.686703
349.123330
108.671757
142.460818
37.932114
153.688301
210.016496
178.770228
274.141847
129.972461
144.959665
255.039951
266.151978
33.738761
69.932476
143.867233
112.538376
203.311516
257.985500
86.783376
166.374154
136.598220
270.257494
128.883621
110.134591
152.016012
64.347511
109.527177
137.429849
81.336573
61.747876
44.889084
234.464836
98.071604
182.995321
129.902049
65.059617
205.636832
119.116310
221.586613
104.658138
104.550973
133.749391
68.856014
28.496040
266.298652
84.768022
123.100462
61.773882
71.376355
79.685805
120.988072
36.797552
128.211432
119.104679
179.682349
125.791325
3.998049
83.469031
117.877776
54.711494
88.425294
140.729479
41.314407
118.529064
65.168837
75.426840
50.649291
82.188899
81.506537
67.667723
77.542719
103.267300
71.841852
79.809174
138.297837
131.571137
58.814010
27.913841
132.771128
68.159986
102.169677
81.527915
90.010307
35.914649
75.494478
78.681894
90.330983
42.165692
75.704961
66.069485
60.499178
142.708109
33.259181
38.116864
70.053326
86.852697
38.430329
27.858527
77.658562
43.286911
58.500489
72.129035
68.856709
66.247528
69.609782
163.871764
36.877027
56.060612
74.990322
23.714513
99.807915
65.807133
47.147336
45.352249
31.527787
33.207579
63.946147
95.807411
99.453608
70.742728
30.349946
73.349292
41.887296
71.382330
44.161273
22.118039
116.604866
157.827263
43.279224
52.452754
83.095504
106.701957
33.027205
2.717188
94.107483
8.233113
114.751202
36.013534
84.407204
53.580884
35.421024
101.029045
91.253684
59.725594
73.141942
50.995980
96.260142
51.073786
95.838017
135.983863
96.641999
30.912786
16.706733
51.812514
126.400803
95.736753
27.435273
39.041054
123.507752
24.883703
53.647254
40.257956
82.356881
69.944362
44.205851
53.986910
75.422932
6.907540
81.470041
32.370519
125.288851
53.832081
60.468255
31.561424
73.744287
184.416376
43.858609
81.592598
127.493169
107.339101
81.284251
35.266122
94.630844
150.632146
26.757388
5.445499
93.003921
58.564023
98.151052
79.977050
96.486139
48.893611
92.762413
14.480558
134.182133
35.353558
64.933336
99.376116
47.260458
28.585288
88.331208
98.596690
47.249580
83.782124
36.084780
91.526106
52.859989
58.027642
82.319024
98.145585
58.591435
64.626796
76.622647
59.650754
20.811695
130.380287
46.240800
46.732063
18.680371
32.517373
149.254808
58.024989
52.660743
147.070826
146.863213
27.520902
58.703393
51.126640
83.291462
52.920701
56.921858
71.489460
93.292689
44.474223
61.985316
128.075154
48.571668
21.787004
54.760422
13.954665
105.464770
30.004150
61.608061
62.376123
35.749072
73.614072
106.277762
40.120762
33.745035
31.454973
25.244670
91.098737
55.898280
144.932325
57.360421
54.911208
75.526253
78.231471
60.567639
41.785025
54.911549
20.791446
20.523273
177.306567
76.152585
40.600464
131.429620
99.000821
85.922558
13.625572
103.083292
92.414495
77.106871
38.198197
33.142353
60.205635
33.173816
41.075365
89.954439
90.544212
44.176694
24.193741
64.241428
38.964871
127.153526
45.129137
65.620690
135.286717
22.727554
23.020602
48.960166
88.731072
65.354312
14.765165
49.303738
37.967905
58.590056
27.318803
80.426102
111.376369
146.731259
149.035497
95.201264
69.016307
85.040631
22.999544
21.135336
48.749121
40.811802
45.644546
27.160505
77.274217
10.271955
29.457036
80.760304
62.842603
118.988275
106.238380
58.392102
60.197025
15.490839
53.737960
85.285216
34.901846
83.669525
18.738605
34.544677
27.829949
87.428641
55.046034
91.159903
18.445605
122.284380
26.967108
76.463284
103.356291
33.533942
42.954617
34.675536
57.616650
80.009532
129.959152
46.482493
29.019686
34.559062
47.396881
37.196430
43.931299
86.338401
58.172519
32.491785
13.697396
43.484593
48.962278
20.951003
23.474807
94.536521
73.939995
47.512319
45.221140
78.731771
120.406268
30.278514
18.450993
69.843946
37.003436
57.075223
128.606516
49.499820
71.219864
62.576752
78.738300
30.825489
3.285800
28.329839
78.784242
55.969591
46.993808
83.897501
23.806745
42.577464
26.499501
59.664067
88.349544
56.527092
19.690389
49.744138
33.243091
65.679633
95.129972
25.951407
31.872987
27.156548
25.240452
30.519845
47.611535
83.170883
65.091184
77.769028
79.298201
52.067037
134.778438
101.841713
27.629916
24.706383
14.761190
91.510919
37.930069
38.479448
14.355056
65.694560
69.643511
31.940792
6.693729
34.331630
32.609016
65.177783
42.197060
86.507943
96.096507
29.241501
16.168497
44.181818
28.706850
76.758158
22.163323
37.672621
56.572719
42.917677
70.874316
84.495960
114.531339
37.118322
59.365964
69.581416
26.695705
35.458420
6.982132
45.787623
45.187247
139.785372
36.680512
76.804563
50.055481
31.962269
64.306415
66.728329
102.252810
17.720240
49.171667
54.173916
30.271828
32.365210
76.034155
27.310805
123.933804
68.240988
111.680234
97.671131
96.249455
24.699255
71.169051
15.509687
67.252716
96.623859
37.067978
31.694591
14.737129
116.642716
39.092193
50.685917
75.928033
101.244327
28.226663
107.911973
36.411183
40.652833
72.250419
47.099567
67.430139
34.217819
119.831343
36.198219
41.947756
100.360739
157.433946
73.088190
67.128839
35.125807
54.245467
28.621509
80.612685
63.958679
26.468463
101.384652
26.752968
73.299797
109.371049
58.950756
32.916460
27.920202
29.474827
84.827971
33.539759
28.749661
44.692610
103.246986
18.387220
70.226110
40.090757
69.464735
50.938554
73.323238
67.443916
14.964339
39.958245
18.663854
44.883778
22.412257
30.743818
56.565759
56.159225
53.095041
58.059227
83.133750
86.348397
40.032138
39.799141
39.813581
93.461586
77.251607
55.345053
53.150202
15.987871
119.190445
71.858413
18.288461
64.482514
104.077589
88.974823
37.489805
36.650782
47.180483
32.628475
70.075927
61.363327
8.818786
77.774086
45.201481
48.801400
38.696584
20.189681
25.127074
54.893418
18.762936
63.539900
21.296146
83.749766
45.057900
2.717019
88.978146
61.952602
35.649526
41.671499
18.162061
9.723828
53.019362
62.556885
60.943232
52.301409
71.474298
60.550777
105.181370
57.638234
16.069773
35.101873
5.250189
36.758898
43.074992
18.684698
71.517291
136.621454
87.394994
8.680560
74.783797
87.847022
21.583117
30.771180
32.822955
37.571335
36.141293
40.842811
23.393242
44.887000
70.732031
31.998649
20.365658
51.469355
102.651834
80.133894
15.015518
21.186017
86.891546
57.659075
27.061485
16.245007
141.196074
113.438562
51.443828
97.830124
82.389572
14.334044
122.809909
53.391667
57.760008
53.193084
74.349348
57.711424
55.268852
53.197486
121.709941
40.088909
19.483254
106.657842
26.968154
26.185205
37.425405
57.193448
61.825326
55.906559
58.290709
84.643136
20.781271
62.542107
110.611106
25.324548
69.593179
38.269694
54.427991
84.606804
21.116076
121.078203
106.456719
64.519528
59.731160
72.531358
63.234703
35.779626
52.764681
84.100525
58.338541
244.883013
28.540118
92.094145
139.272995
109.358045
23.900574
60.031164
57.843106
156.944103
31.719174
109.952717
155.290268
48.365740
51.125915
136.610808
160.493770
61.341540
178.477009
26.113794
75.448377
50.632814
107.015877
99.483389
33.122087
109.670642
119.514404
153.172247
91.706768
60.500880
44.004765
127.589215
22.643324
60.158723
79.361573
115.633283
78.134140
52.777998
129.244732
54.021434
85.425604
49.413070
109.939041
101.811122
79.820186
10.252983
144.658529
65.734111
45.262700
29.045012
105.721328
78.050030
11.079119
31.440991
98.689455
138.331225
21.520109
55.728265
96.416671
106.253908
85.663465
62.392225
118.105452
61.368196
100.660300
59.162263
49.461513
89.569651
92.538739
79.219281
94.844183
83.743343
99.261396
37.167194
78.559725
100.727098
74.064044
45.624250
72.957454
103.328923
44.941475
86.598476
51.633894
54.595617
82.338140
49.966161
60.836602
59.118101
18.193543
27.606770
24.793851
42.875909
77.958983
10.025965
34.593163
65.664432
127.080580
65.759780
72.443983
10.107552
28.575904
24.138922
121.458902
47.701564
93.020372
36.510758
47.316465
69.231811
85.110930
21.116526
12.660922
62.366153
39.651508
59.168461
70.197788
39.626038
48.010444
39.702776
40.669749
33.482854
39.438276
55.629201
13.533733
17.081223
80.189792
99.583243
67.744482
64.268530
89.564946
18.567940
38.594894
40.817107
46.987472
21.989480
43.676862
21.867258
39.949148
22.440027
50.127743
16.420432
58.323564
45.636767
72.420500
67.447729
93.259068
22.828761
12.767520
56.417392
4.720022
64.017836
23.000219
24.540870
48.281310
30.570347
101.656962
41.515329
35.815668
57.481099
19.190725
39.808710
49.604491
38.782602
68.266999
45.641128
20.854647
32.364054
48.829195
29.433078
46.332558
40.583201
41.114739
22.782986
30.015752
54.031309
49.206625
19.585182
41.362705
71.905342
14.948150
37.920674
52.964777
77.333393
17.650105
43.155160
38.354497
95.710160
62.607964
90.370047
20.213659
25.349074
61.265795
21.062999
35.762817
59.302434
72.971026
19.862957
29.131122
24.464519
62.965279
48.530271
51.705806
15.312100
30.351716
16.935266
37.479281
41.124661
61.223386
69.181444
24.228616
23.622317
97.728341
79.113082
52.414446
75.940935
30.131008
45.313534
49.419195
4.068838
24.211103
45.718200
25.126140
40.080849
66.613812
36.059688
38.554574
5.690952
13.901178
50.108246
46.786380
54.717844
30.958917
11.927047
57.868849
41.953470
33.091911
20.488471
75.237731
28.483937
34.746605
40.125298
40.180589
40.574672
23.132873
8.369272
48.670370
94.868370
61.513988
58.664642
20.615239
24.955168
31.158140
42.202173
82.068847
38.242776
38.776204
83.086842
22.388094
20.891024
80.791553
47.155218
17.199322
30.531826
40.320677
22.924548
32.735553
24.701297
22.131720
48.786181
24.536168
37.534261
51.266028
100.185030
50.519418
57.891983
41.408925
10.669693
53.813019
15.113080
53.985656
89.402335
31.762586
34.967254
45.363634
33.904138
68.048797
67.462833
69.175989
22.390903
52.591130
26.435668
85.941112
61.468186
39.659338
45.088735
23.149708
3.516179
10.906681
31.713275
16.958795
3.144453
16.105505
66.740844
43.293801
13.491923
64.683206
39.604337
39.170342
52.964056
11.862647
39.190333
31.865675
64.041441
56.930496
78.783720
33.272859
51.331167
40.858313
83.897592
10.880359
48.064200
29.691783
62.527561
26.308103
23.759477
53.132142
16.464365
31.879967
49.662815
73.451494
38.120269
79.622779
48.052401
15.681976
60.406067
20.000847
72.435098
66.480990
49.937563
18.032330
49.323310
56.907740
51.550978
25.362501
43.408290
27.410513
39.046792
21.928263
33.952510
48.172455
49.610437
45.209461
35.365916
14.946431
19.900485
22.817036
49.845583
29.555005
29.407326
75.469600
50.769942
6.768246
38.067313
74.802511
22.766301
36.615767
7.023795
22.596254
61.734398
11.588751
83.052381
3.226025
31.037889
16.394117
35.100366
63.198861
53.968212
37.498840
23.980509
56.634419
28.694173
22.929666
42.049259
38.157887
35.137802
32.432285
19.142886
37.404149
64.085857
30.756674
19.908683
33.442939
42.399095
51.846703
46.644490
37.436846
7.986111
18.439796
94.363496
51.623609
39.068382
16.126562
20.810955
21.537448
47.719857
43.249203
48.608950
39.977388
57.556329
59.169572
17.730606
20.450383
41.149330
14.464079
39.599278
92.102093
40.534064
98.493299
8.150854
27.615838
58.927118
48.339536
52.712565
44.004795
21.801886
16.260472
49.464072
57.158111
35.197668
29.062069
43.729868
31.344176
23.290996
29.146467
18.838773
30.099034
24.335361
93.468807
43.976419
55.948522
48.289141
22.203067
39.299639
27.565847
28.284972
49.976689
37.514021
39.594075
25.850629
27.076047
8.334650
19.987815
42.356870
24.273875
40.599198
25.990209
60.741509
70.435990
81.140840
18.898486
25.468360
67.898977
61.604460
12.634567
52.912996
17.342095
24.472661
28.589266
28.346227
20.794163
75.705726
7.334049
16.138334
11.345736
22.839456
27.640066
24.840253
36.716868
45.857684
10.191758
39.816371
23.440279
11.986686
37.525382
28.215455
27.421401
9.934139
28.278726
33.473363
49.114716
76.640094
29.293605
22.072353
29.561081
30.431143
42.799753
21.931636
32.571169
65.674281
91.094197
21.889681
54.946760
23.642227
23.990197
15.480483
37.885250
39.726127
38.273888
9.196803
31.876913
30.811593
44.926897
26.747146
19.059926
31.205402
25.296926
36.235164
19.545335
32.203680
51.375964
22.576605
53.348835
55.653582
71.437915
19.988313
37.118889
13.981204
62.976882
78.269835
36.525169
34.807805
46.517725
34.791657
21.710571
48.166809
13.722284
52.782878
11.852096
24.566723
23.420957
101.222358
5.938437
34.707578
35.330389
105.350417
47.285447
31.774500
22.611674
33.115150
39.243398
97.418871
27.549101
16.566915
38.045058
52.720084
77.712618
54.329087
53.208610
28.680510
45.384205
54.475504
47.717574
55.030160
51.777013
67.163313
16.979313
25.620137
52.122583
35.683522
13.595626
19.399519
24.677923
39.354462
51.457600
20.054775
32.103880
16.301003
13.998183
32.303013
43.257324
38.532959
9.416721
5.187125
28.487683
30.408681
31.974057
56.364697
9.401924
16.989061
6.225297
28.060709
60.467201
41.476115
45.591728
44.219210
19.271082
45.986109
48.794066
48.199705
35.570423
40.630928
37.891961
78.608364
36.956428
49.928136
74.322017
89.573507
16.855876
15.415381
38.013445
25.797708
41.392824
43.429752
27.245884
4.587541
33.029495
75.557279
44.338393
43.917186
90.545051
21.259139
25.768768
33.200052
38.837605
24.316485
30.151741
79.754541
39.266538
61.144871
24.100215
47.398889
58.859923
69.873942
60.973686
31.794909
24.692213
35.309406
33.708538
41.933299
64.823089
26.321514
63.828599
27.861936
23.675544
14.949605
50.886720
11.573698
38.464889
29.645506
10.435142
41.994002
32.280396
35.120709
14.480137
45.262115
16.076118
31.599064
86.543182
13.230635
34.056863
42.193968
80.691282
43.516899
35.455856
46.957273
46.039736
28.871227
48.399654
64.104895
77.028071
56.640604
67.445331
52.693917
20.269455
20.193547
87.914022
45.375683
47.016611
44.487454
21.677867
71.073250
22.219478
29.912138
33.360857
74.253150
38.708622
48.066953
33.929206
11.200140
20.384937
39.154065
8.774971
66.797649
18.393630
21.990970
16.080592
25.739973
15.232605
60.616434
23.924289
38.604916
30.828627
63.504552
59.371995
6.788582
55.850072
21.668469
37.745993
75.236977
15.367537
78.292289
65.405245
46.682698
41.833150
71.046149
70.721380
15.148407
54.788992
47.532129
42.680771
36.857491
28.254661
4.402858
50.652345
16.997636
82.752475
52.068082
46.355210
67.939551
8.409815
16.687025
35.499693
21.358431
85.206895
61.732466
27.331057
57.054431
35.209926
20.465348
24.374454
28.804281
22.280059
20.860055
48.268400
35.895679
87.779385
42.728460
33.239195
28.650250
9.035526
50.340155
79.786606
45.890166
10.452712
53.662343
51.888042
41.948508
15.918398
50.484068
22.305410
17.556288
36.620022
11.138474
21.649697
34.321189
30.000852
21.562312
26.201859
33.898472
55.651565
45.949898
41.693354
28.158889
13.549691
57.618717
27.640107
31.174035
56.465772
24.522948
25.154939
26.201515
16.921691
49.750639
49.092617
30.810010
23.101152
44.192411
31.970843
33.716735
9.511571
44.928771
7.768024
14.357124
16.197024
25.796400
83.956420
62.958314
37.350886
10.774056
8.220550
16.629123
26.146429
22.552000
26.776498
34.684456
50.178278
52.484252
68.343127
13.635003
30.549210
22.275917
42.511281
28.356880
8.808651
33.448623
4.015106
36.678560
64.042711
22.050069
43.584504
27.714347
21.795669
14.737666
26.142258
28.456838
61.756973
34.345115
24.333885
5.677005
12.494081
37.652624
20.377368
4.276669
18.590736
27.496594
30.499174
4.188251
41.050958
44.988534
27.487515
21.194997
30.819747
11.747644
35.372652
45.607612
31.021683
37.185084
21.067252
29.945930
35.313563
12.684759
45.907165
44.655953
23.081992
14.544021
27.374453
74.895929
18.099976
55.516711
31.762562
25.544197
21.261397
30.988135
72.299417
14.513809
42.616199
36.814868
46.905605
16.719745
31.114042
63.447295
41.288563
38.515396
8.333380
24.884328
28.372939
21.555002
32.371281
55.440895
42.689868
44.306986
19.990764
6.600581
59.017217
7.246511
67.194413
77.942008
44.371323
19.008863
39.155066
24.249218
16.441952
8.330136
27.721683
74.266083
33.164583
41.398888
15.290799
9.771104
40.339956
34.470552
28.315176
57.670957
35.915203
47.186872
16.755998
33.281239
38.137484
39.928716
23.555691
42.163646
20.515903
35.649092
66.815062
23.335591
39.567298
52.508300
23.516791
37.016538
44.723336
62.526006
24.731139
75.626489
49.550181
36.012684
39.782665
20.206191
63.354801
21.156515
58.495589
57.736257
49.720584
7.571763
29.861086
35.705961
28.380533
39.080911
34.023090
53.443526
50.969057
38.673791
76.170810
33.110377
55.940094
61.944311
145.038211
24.877677
39.256809
40.849850
40.664955
27.009262
15.612242
6.583071
27.280430
61.934997
29.938933
34.356000
22.188381
29.469423
44.795530
35.514121
11.271308
28.962606
42.951138
67.749244
43.045111
25.252688
39.289263
68.562968
25.070496
21.010348
10.801137
21.728310
71.017242
24.505964
28.841146
48.893322
18.249982
63.589402
67.876176
50.006059
16.809313
37.460070
22.460533
19.173281
18.728180
30.276015
22.635266
38.926105
78.542414
33.458645
76.849604
20.130070
37.122487
28.296092
23.449877
20.988864
21.824812
25.080276
28.229838
10.924787
12.312040
10.897884
23.045191
33.688268
32.966602
45.560398
20.419088
40.713705
63.126949
84.629719
3.825885
35.705549
31.282396
30.990367
37.309006
65.521515
11.735922
3.684735
62.206944
2.694520
42.942190
52.536278
8.694807
36.981284
20.588653
91.873844
44.883716
45.151734
40.215188
27.567466
28.646679
32.691222
66.076593
14.074349
43.001437
45.559810
39.173727
11.779479
10.260395
18.118087
31.375576
40.639346
19.426662
10.248242
12.437372
23.253960
41.655620
35.081859
33.139603
15.860150
19.879162
14.259544
27.419604
21.056490
20.943519
48.882935
12.943672
54.366569
62.156017
7.290109
37.375493
26.526852
28.833328
17.019929
64.505707
30.656947
46.721447
20.015457
18.915454
19.849937
46.432943
21.023851
38.764183
58.910482
20.038604
31.322727
60.675251
16.679505
19.789957
45.635917
30.384231
8.993331
14.177282
40.743886
24.464493
21.320525
27.928513
20.446897
17.971360
5.108147
38.706256
26.811309
26.647819
16.701747
24.147059
41.288880
12.350616
31.718947
53.702309
21.509639
18.184832
14.734986
41.759863
25.529477
18.833742
9.754911
42.120835
33.284116
66.344922
31.020729
21.930613
17.875724
13.869708
39.681119
44.409972
33.159652
32.397482
9.006975
40.414283
2.935373
24.698883
48.312190
7.757530
23.010469
55.457630
37.922376
13.259925
54.789413
46.625093
48.341385
49.670683
54.449585
23.112867
31.850970
9.527218
19.877074
13.179611
30.958344
58.096743
17.402330
24.242677
34.782042
24.585555
36.209984
67.860240
14.152575
31.053788
45.720385
9.340693
59.337104
68.599419
30.139725
21.972129
81.761860
18.290275
62.768887
6.518426
35.422391
20.027404
30.132205
54.555083
62.557751
57.469072
12.046749
64.181109
17.452070
39.429135
14.320316
2.955139
23.207473
75.915823
41.573084
24.218182
65.960154
47.515099
40.983876
42.715263
12.322290
68.832758
13.978893
87.661749
16.343163
39.613310
24.177190
60.595602
23.942078
8.972860
33.068371
49.639130
30.464720
32.075003
10.372174
76.235368
26.561640
15.679357
38.195042
38.534837
26.368174
1.000000
0.333333
1.000000
0.333333
0.333333
1.000000
1.000000
0.333333
1.000000
0.333333
0.333333
1.000000
0.333333
1.000000
0.333333
1.000000
0.333333
0.333333
1.000000
0.333333
1.000000
0.333333
1.000000
0.333333
1.000000
0.333333
1.000000
0.333333
0.333333
1.000000
0.333333
1.000000
0.333333
1.000000
0.333333
1.000000
0.333333
1.000000
0.333333
0.333333
1.000000
0.333333
1.000000
0.333333
1.000000
0.333333
1.000000
0.333333
1.000000
0.333333
1.000000
1.000000
0.333333
1.000000
0.333333
1.000000
0.333333
1.000000
0.333333
1.000000
0.333333
1.000000
0.333333
0.333333
1.000000
0.333333
1.000000
0.333333
1.000000
0.333333
1.000000
0.333333
1.000000
0.333333
0.333333
1.000000
0.333333
1.000000
0.333333
1.000000
0.333333
1.000000
0.333333
1.000000
0.333333
1.000000
1.000000
0.333333
1.000000
0.333333
1.000000
1.000000
0.333333
1.000000
0.333333
1.000000
0.333333
1.000000
1.000000
0.333333
1.000000
0.333333
1.000000
0.333333
0.333333
1.000000
0.333333
1.000000
0.333333
1.000000
1.000000
0.333333
1.000000
0.333333
1.000000
0.333333
0.333333
1.000000
0.333333
1.000000
0.333333
0.333333
0.333333
1.000000
0.333333
1.000000
0.333333
1.000000
0.333333
1.000000
0.333333
1.000000
0.333333
0.333333
1.000000
0.333333
1.000000
0.333333
1.000000
0.333333
1.000000
0.333333
1.000000
1.000000
0.333333
1.000000
0.333333
1.000000
0.333333
1.000000
0.333333
1.000000
0.333333
0.333333
1.000000
1.000000
1.000000
1.000000
0.333333
0.333333
1.000000
0.333333
1.000000
0.333333
1.000000
0.333333
0.333333
0.333333
1.000000
0.333333
1.000000
0.333333
0.333333
1.000000
0.333333
1.000000
0.333333
0.333333
1.000000
0.333333
0.333333
1.000000
0.333333
1.000000
0.333333
0.333333
1.000000
0.333333
1.000000
0.333333
0.333333
1.000000
0.333333
1.000000
0.333333
1.000000
0.333333
0.333333
1.000000
0.333333
1.000000
0.333333
0.333333
0.333333
1.000000
0.333333
1.000000
0.333333
1.000000
0.333333
1.000000
0.333333
0.333333
1.000000
0.333333
1.000000
0.333333
0.333333
1.000000
0.333333
1.000000
0.333333
0.333333
0.333333
1.000000
0.333333
1.000000
0.333333
1.000000
0.333333
1.000000
0.333333
1.000000
0.333333
0.333333
1.000000
1.000000
0.333333
1.000000
0.333333
1.000000
0.333333
0.333333
1.000000
0.333333
1.000000
1.000000
0.333333
0.333333
1.000000
0.333333
1.000000
0.333333
1.000000
1.000000
0.333333
1.000000
0.333333
0.333333
0.333333
0.333333
1.000000
0.333333
1.000000
0.333333
1.000000
1.000000
0.333333
1.000000
0.333333
1.000000
1.000000
0.333333
1.000000
0.333333
1.000000
0.333333
1.000000
0.333333
0.333333
1.000000
0.333333
1.000000
1.000000
0.333333
0.333333
1.000000
0.333333
1.000000
0.333333
1.000000
0.333333
1.000000
0.333333
1.000000
1.000000
0.333333
0.333333
1.000000
0.333333
1.000000
0.333333
1.000000
0.333333
0.333333
1.000000
1.000000
0.333333
1.000000
0.333333
0.333333
1.000000
0.333333
1.000000
0.333333
1.000000
0.333333
1.000000
1.000000
0.333333
1.000000
0.333333
1.000000
0.333333
1.000000
0.333333
1.000000
0.333333
1.000000
1.000000
0.333333
1.000000
0.333333
1.000000
0.333333
0.333333
1.000000
0.333333
1.000000
0.333333
0.333333
0.333333
1.000000
0.333333
1.000000
0.333333
1.000000
0.333333
0.333333
1.000000
0.333333
1.000000
1.000000
0.333333
1.000000
0.333333
1.000000
0.333333
1.000000
0.333333
1.000000
0.333333
1.000000
0.333333
1.000000
1.000000
0.333333
1.000000
0.333333
1.000000
0.333333
1.000000
0.333333
0.333333
1.000000
0.333333
0.333333
1.000000
0.333333
0.333333
1.000000
0.333333
1.000000
0.333333
1.000000
0.333333
1.000000
1.000000
0.333333
1.000000
0.333333
1.000000
0.333333
1.000000
0.333333
1.000000
0.333333
1.000000
0.333333
1.000000
1.000000
0.333333
1.000000
0.333333
0.333333
1.000000
0.333333
1.000000
0.333333
0.333333
0.333333
0.333333
1.000000
0.333333
1.000000
0.333333
1.000000
0.333333
1.000000
0.333333
1.000000
0.333333
0.333333
1.000000
0.333333
1.000000
0.333333
1.000000
0.333333
0.333333
1.000000
0.333333
1.000000
0.333333
0.333333
0.333333
1.000000
0.333333
1.000000
0.333333
1.000000
0.333333
0.333333
1.000000
1.000000
0.333333
1.000000
0.333333
0.333333
1.000000
0.333333
1.000000
0.333333
1.000000
0.333333
1.000000
1.000000
0.333333
1.000000
0.333333
1.000000
0.333333
1.000000
0.333333
1.000000
0.333333
1.000000
0.333333
0.333333
1.000000
0.333333
1.000000
0.333333
1.000000
0.333333
1.000000
0.333333
1.000000
0.333333
0.333333
1.000000
0.333333
1.000000
0.333333
1.000000
0.333333
1.000000
0.333333
1.000000
0.333333
1.000000
1.000000
0.333333
0.333333
1.000000
0.333333
1.000000
0.333333
0.333333
1.000000
0.333333
1.000000
0.333333
0.333333
1.000000
0.333333
1.000000
0.333333
1.000000
0.333333
0.333333
1.000000
0.333333
1.000000
1.000000
0.333333
0.333333
1.000000
0.333333
1.000000
0.333333
1.000000
0.333333
1.000000
0.333333
0.333333
1.000000
0.333333
1.000000
0.333333
1.000000
0.333333
1.000000
0.333333
1.000000
0.333333
0.333333
1.000000
1.000000
0.333333
1.000000
0.333333
1.000000
0.333333
1.000000
0.333333
1.000000
0.333333
1.000000
1.000000
0.333333
1.000000
0.333333
1.000000
0.333333
1.000000
0.333333
1.000000
0.333333
0.333333
0.333333
1.000000
0.333333
1.000000
0.333333
1.000000
0.333333
0.333333
1.000000
0.333333
1.000000
0.333333
1.000000
1.000000
0.333333
1.000000
0.333333
1.000000
0.333333
0.333333
1.000000
0.333333
1.000000
0.333333
0.333333
1.000000
0.333333
1.000000
0.333333
1.000000
0.333333
1.000000
1.000000
0.333333
1.000000
0.333333
1.000000
1.000000
0.333333
0.333333
1.000000
0.333333
1.000000
0.333333
0.333333
1.000000
1.000000
1.000000
1.000000
0.333333
0.333333
1.000000
0.333333
1.000000
0.333333
1.000000
0.333333
1.000000
0.333333
0.333333
1.000000
0.333333
1.000000
0.333333
0.333333
1.000000
0.333333
1.000000
0.333333
0.333333
0.333333
1.000000
0.333333
1.000000
0.333333
1.000000
0.333333
1.000000
0.333333
1.000000
0.333333
0.333333
1.000000
1.000000
0.333333
1.000000
0.333333
1.000000
0.333333
1.000000
0.333333
1.000000
1.000000
0.333333
0.333333
1.000000
0.333333
1.000000
0.333333
1.000000
0.333333
0.333333
0.333333
1.000000
0.333333
0.333333
1.000000
0.333333
0.333333
1.000000
0.333333
1.000000
0.333333
1.000000
0.333333
1.000000
1.000000
0.333333
1.000000
0.333333
0.333333
1.000000
0.333333
1.000000
0.333333
0.333333
1.000000
1.000000
0.333333
1.000000
0.333333
1.000000
0.333333
1.000000
0.333333
1.000000
0.333333
1.000000
0.333333
1.000000
1.000000
1.000000
0.333333
1.000000
0.333333
0.333333
1.000000
0.333333
1.000000
0.333333
1.000000
1.000000
0.333333
1.000000
0.333333
1.000000
0.333333
1.000000
0.333333
1.000000
0.333333
1.000000
1.000000
0.333333
0.333333
1.000000
0.333333
1.000000
0.333333
1.000000
0.333333
1.000000
0.333333
1.000000
1.000000
0.333333
0.333333
1.000000
0.333333
1.000000
0.333333
1.000000
0.333333
1.000000
0.333333
1.000000
1.000000
0.333333
0.333333
1.000000
0.333333
1.000000
0.333333
1.000000
0.333333
0.333333
1.000000
1.000000
0.333333
1.000000
0.333333
0.333333
1.000000
0.333333
1.000000
0.333333
1.000000
0.333333
1.000000
1.000000
0.333333
1.000000
0.333333
0.333333
1.000000
0.333333
1.000000
0.333333
1.000000
1.000000
0.333333
1.000000
0.333333
1.000000
0.333333
0.333333
0.333333
0.333333
1.000000
0.333333
1.000000
1.000000
0.333333
0.333333
1.000000
0.333333
1.000000
0.333333
0.333333
1.000000
0.333333
1.000000
0.333333
0.333333
1.000000
0.333333
0.333333
1.000000
0.333333
1.000000
0.333333
1.000000
0.333333
1.000000
0.333333
0.333333
1.000000
0.333333
1.000000
0.333333
1.000000
0.333333
1.000000
0.333333
1.000000
0.333333
1.000000
1.000000
0.333333
1.000000
0.333333
1.000000
0.333333
1.000000
0.333333
1.000000
0.333333
1.000000
1.000000
1.000000
0.333333
1.000000
0.333333
0.333333
1.000000
0.333333
1.000000
0.333333
0.333333
1.000000
1.000000
0.333333
1.000000
0.333333
1.000000
0.333333
1.000000
0.333333
1.000000
0.333333
1.000000
1.000000
0.333333
1.000000
0.333333
1.000000
0.333333
1.000000
0.333333
1.000000
0.333333
1.000000
0.333333
0.333333
1.000000
0.333333
1.000000
0.333333
1.000000
0.333333
1.000000
0.333333
1.000000
0.333333
1.000000
1.000000
0.333333
1.000000
0.333333
1.000000
0.333333
1.000000
0.333333
0.333333
1.000000
1.000000
0.333333
1.000000
0.333333
1.000000
0.333333
1.000000
0.333333
1.000000
0.333333
0.333333
1.000000
1.000000
0.333333
1.000000
0.333333
1.000000
0.333333
1.000000
0.333333
1.000000
0.333333
0.333333
0.333333
1.000000
0.333333
1.000000
0.333333
0.333333
1.000000
0.333333
1.000000
0.333333
1.000000
1.000000
0.333333
0.333333
1.000000
0.333333
1.000000
0.333333
0.333333
1.000000
0.333333
1.000000
0.333333
1.000000
1.000000
0.333333
1.000000
0.333333
1.000000
0.333333
1.000000
0.333333
1.000000
0.333333
1.000000
0.333333
0.333333
1.000000
0.333333
1.000000
0.333333
1.000000
0.333333
0.333333
1.000000
0.333333
1.000000
0.333333
0.333333
1.000000
0.333333
1.000000
0.333333
1.000000
0.333333
1.000000
0.333333
1.000000
0.333333
0.333333
1.000000
0.333333
0.333333
1.000000
0.333333
1.000000
0.333333
1.000000
0.333333
1.000000
0.333333
0.333333
1.000000
0.333333
1.000000
1.000000
0.333333
1.000000
0.333333
1.000000
0.333333
1.000000
1.000000
0.333333
1.000000
0.333333
1.000000
0.333333
1.000000
0.333333
1.000000
0.333333
0.333333
0.333333
1.000000
0.333333
1.000000
0.333333
1.000000
0.333333
1.000000
0.333333
1.000000
0.333333
1.000000
1.000000
0.333333
1.000000
0.333333
1.000000
0.333333
1.000000
0.333333
0.333333
1.000000
0.333333
1.000000
1.000000
0.333333
0.333333
1.000000
0.333333
1.000000
0.333333
1.000000
0.333333
1.000000
0.333333
0.333333
1.000000
0.333333
1.000000
0.333333
1.000000
0.333333
1.000000
0.333333
1.000000
0.333333
0.333333
1.000000
0.333333
1.000000
0.333333
0.333333
1.000000
0.333333
1.000000
0.333333
1.000000
0.333333
1.000000
1.000000
0.333333
1.000000
0.333333
0.333333
1.000000
0.333333
1.000000
0.333333
1.000000
1.000000
0.333333
1.000000
0.333333
1.000000
0.333333
0.333333
1.000000
0.333333
1.000000
0.333333
1.000000
1.000000
0.333333
1.000000
0.333333
1.000000
0.333333
1.000000
1.000000
0.333333
1.000000
0.333333
1.000000
1.000000
0.333333
0.333333
1.000000
0.333333
1.000000
0.333333
1.000000
0.333333
1.000000
0.333333
1.000000
1.000000
0.333333
0.333333
1.000000
0.333333
1.000000
0.333333
1.000000
0.333333
0.333333
1.000000
1.000000
0.333333
1.000000
0.333333
1.000000
0.333333
1.000000
0.333333
1.000000
0.333333
1.000000
0.333333
1.000000
1.000000
0.333333
0.333333
1.000000
0.333333
1.000000
0.333333
1.000000
0.333333
0.333333
0.333333
1.000000
0.333333
1.000000
0.333333
1.000000
0.333333
1.000000
0.333333
1.000000
0.333333
0.333333
0.333333
1.000000
0.333333
1.000000
0.333333
1.000000
0.333333
1.000000
0.333333
1.000000
0.333333
1.000000
1.000000
0.333333
1.000000
0.333333
1.000000
0.333333
0.333333
1.000000
0.333333
1.000000
0.333333
0.333333
0.333333
1.000000
0.333333
1.000000
0.333333
1.000000
0.333333
1.000000
0.333333
1.000000
0.333333
1.000000
1.000000
0.333333
0.333333
1.000000
0.333333
1.000000
0.333333
0.333333
0.333333
0.333333
1.000000
1.000000
0.333333
1.000000
0.333333
1.000000
0.333333
1.000000
0.333333
1.000000
0.333333
1.000000
0.333333
0.333333
1.000000
0.333333
0.333333
0.333333
1.000000
0.333333
1.000000
0.333333
0.333333
1.000000
1.000000
0.333333
1.000000
0.333333
1.000000
0.333333
1.000000
0.333333
1.000000
0.333333
1.000000
1.000000
0.333333
1.000000
0.333333
1.000000
0.333333
0.333333
1.000000
0.333333
1.000000
0.333333
0.333333
1.000000
0.333333
1.000000
0.333333
1.000000
0.333333
1.000000
1.000000
0.333333
1.000000
0.333333
0.333333
0.333333
0.333333
0.333333
1.000000
0.333333
1.000000
0.333333
0.333333
1.000000
1.000000
1.000000
0.333333
0.333333
1.000000
0.333333
1.000000
0.333333
1.000000
0.333333
0.333333
0.333333
1.000000
1.000000
0.333333
1.000000
0.333333
0.333333
1.000000
0.333333
1.000000
0.333333
1.000000
1.000000
0.333333
0.333333
1.000000
0.333333
1.000000
0.333333
1.000000
0.333333
1.000000
0.333333
1.000000
0.333333
0.333333
0.333333
1.000000
0.333333
1.000000
0.333333
1.000000
0.333333
1.000000
0.333333
1.000000
0.333333
0.333333
1.000000
0.333333
1.000000
0.333333
1.000000
0.333333
0.333333
1.000000
0.333333
1.000000
0.333333
0.333333
0.333333
1.000000
0.333333
1.000000
0.333333
1.000000
0.333333
0.333333
1.000000
0.333333
1.000000
1.000000
0.333333
0.333333
0.333333
1.000000
0.333333
1.000000
0.333333
1.000000
0.333333
0.333333
1.000000
0.333333
1.000000
0.333333
1.000000
0.333333
1.000000
0.333333
1.000000
0.333333
1.000000
1.000000
1.000000
0.333333
1.000000
0.333333
1.000000
0.333333
1.000000
0.333333
1.000000
1.000000
0.333333
0.333333
1.000000
0.333333
1.000000
0.333333
1.000000
0.333333
1.000000
0.333333
1.000000
0.333333
0.333333
1.000000
0.333333
1.000000
0.333333
1.000000
0.333333
0.333333
1.000000
0.333333
1.000000
1.000000
0.333333
0.333333
1.000000
0.333333
1.000000
0.333333
1.000000
0.333333
1.000000
0.333333
1.000000
1.000000
0.333333
1.000000
0.333333
1.000000
0.333333
1.000000
0.333333
1.000000
0.333333
1.000000
0.333333
0.333333
1.000000
0.333333
0.333333
1.000000
0.333333
1.000000
0.333333
1.000000
0.333333
1.000000
0.333333
0.333333
1.000000
0.333333
1.000000
1.000000
0.333333
1.000000
0.333333
1.000000
0.333333
1.000000
0.333333
0.333333
1.000000
0.333333
0.333333
0.333333
0.333333
1.000000
0.333333
1.000000
1.000000
0.333333
0.333333
1.000000
0.333333
1.000000
0.333333
0.333333
1.000000
0.333333
1.000000
0.333333
0.333333
1.000000
0.333333
0.333333
1.000000
0.333333
1.000000
0.333333
0.333333
1.000000
0.333333
1.000000
1.000000
0.333333
1.000000
0.333333
1.000000
0.333333
1.000000
0.333333
1.000000
0.333333
1.000000
0.333333
0.333333
1.000000
0.333333
1.000000
0.333333
1.000000
0.333333
1.000000
0.333333
0.333333
1.000000
1.000000
0.333333
1.000000
0.333333
1.000000
0.333333
1.000000
0.333333
1.000000
0.333333
1.000000
0.333333
1.000000
1.000000
0.333333
1.000000
0.333333
1.000000
0.333333
1.000000
0.333333
1.000000
0.333333
1.000000
1.000000
0.333333
1.000000
0.333333
1.000000
0.333333
1.000000
0.333333
1.000000
0.333333
1.000000
1.000000
1.000000
1.000000
0.333333
1.000000
0.333333
1.000000
0.333333
1.000000
0.333333
1.000000
0.333333
1.000000
1.000000
0.333333
1.000000
0.333333
1.000000
0.333333
0.333333
1.000000
0.333333
1.000000
0.333333
0.333333
1.000000
0.333333
1.000000
0.333333
1.000000
0.333333
1.000000
0.333333
1.000000
0.333333
1.000000
1.000000
0.333333
0.333333
1.000000
0.333333
1.000000
0.333333
1.000000
0.333333
0.333333
1.000000
1.000000
0.333333
1.000000
0.333333
1.000000
0.333333
1.000000
0.333333
1.000000
0.333333
1.000000
0.333333
0.333333
1.000000
0.333333
1.000000
0.333333
0.333333
1.000000
0.333333
1.000000
0.333333
0.333333
0.333333
1.000000
0.333333
1.000000
0.333333
1.000000
0.333333
0.333333
1.000000
0.333333
1.000000
0.333333
1.000000
1.000000
0.333333
1.000000
0.333333
1.000000
0.333333
1.000000
0.333333
1.000000
0.333333
1.000000
1.000000
0.333333
1.000000
0.333333
1.000000
0.333333
1.000000
0.333333
1.000000
0.333333
1.000000
1.000000
0.333333
1.000000
0.333333
1.000000
0.333333
1.000000
0.333333
1.000000
0.333333
1.000000
0.333333
0.333333
1.000000
0.333333
0.333333
1.000000
0.333333
1.000000
0.333333
1.000000
0.333333
1.000000
1.000000
0.333333
1.000000
0.333333
1.000000
0.333333
1.000000
0.333333
1.000000
0.333333
0.333333
1.000000
1.000000
0.333333
1.000000
0.333333
1.000000
0.333333
1.000000
0.333333
1.000000
0.333333
0.333333
0.333333
1.000000
0.333333
1.000000
0.333333
1.000000
0.333333
0.333333
1.000000
0.333333
1.000000
0.333333
1.000000
1.000000
0.333333
1.000000
0.333333
1.000000
0.333333
0.333333
1.000000
0.333333
1.000000
0.333333
0.333333
1.000000
0.333333
1.000000
0.333333
1.000000
0.333333
1.000000
0.333333
1.000000
0.333333
1.000000
1.000000
0.333333
0.333333
1.000000
0.333333
1.000000
0.333333
1.000000
0.333333
0.333333
1.000000
1.000000
0.333333
1.000000
0.333333
0.333333
1.000000
0.333333
1.000000
0.333333
1.000000
0.333333
0.333333
1.000000
1.000000
0.333333
1.000000
0.333333
0.333333
1.000000
0.333333
1.000000
0.333333
1.000000
1.000000
0.333333
1.000000
0.333333
1.000000
0.333333
1.000000
0.333333
1.000000
0.333333
1.000000
0.333333
1.000000
1.000000
0.333333
1.000000
0.333333
1.000000
0.333333
1.000000
0.333333
1.000000
0.333333
0.333333
0.333333
1.000000
0.333333
1.000000
0.333333
1.000000
0.333333
1.000000
0.333333
1.000000
0.333333
0.333333
1.000000
0.333333
1.000000
0.333333
1.000000
0.333333
1.000000
0.333333
