5575.287037
33.136535
54.656722
41.315903
65.574659
32.136419
64.815003
21.175522
97.358174
30.450260
88.346096
89.727946
16.985701
11.481682
65.004826
55.300230
71.661732
48.547790
33.505540
38.510822
119.324243
50.940534
119.857119
61.469427
27.956321
77.024737
52.036037
99.643759
71.129017
42.877946
23.127473
44.074773
61.959102
41.738202
119.867773
45.374017
72.065797
4.425052
30.782299
118.350034
13.031780
52.353718
33.535318
64.911855
45.101288
90.426938
82.475580
8.156239
34.778728
43.456299
23.990418
150.447255
52.623307
43.355633
10.001171
44.876609
96.042312
68.311286
26.495659
43.696467
78.903781
42.105883
69.941583
44.990202
31.367909
39.585433
49.653356
7.035825
86.773834
114.860825
11.095896
67.305996
59.542483
100.931136
97.670054
52.588762
23.516219
22.406530
35.971134
60.496646
55.035054
34.165820
62.646142
68.918075
76.425874
11.266959
57.826014
40.807676
99.429488
72.652430
93.568420
13.791614
20.744312
53.641693
104.511362
40.298565
26.973112
101.776523
82.105829
29.101020
31.115969
57.618080
18.988511
32.601913
55.142653
30.475282
69.303290
20.203189
109.757419
43.821294
138.080991
70.589516
24.631967
41.346796
88.059928
58.725885
118.339687
13.836073
55.484005
34.410556
62.160532
37.764189
38.866222
8.640754
80.705238
98.767830
36.194758
59.472074
34.057681
45.670822
38.477284
35.621726
43.690220
57.881047
51.370084
73.670517
31.586542
45.381553
73.184703
69.656250
24.202997
46.781935
44.099257
101.961758
78.985642
45.262025
41.456338
61.004920
56.067769
21.740116
38.236603
26.628667
77.342117
91.541148
75.347035
82.597858
108.036403
96.381717
59.546575
47.487256
10.072022
73.568530
62.436770
83.603393
11.018036
33.045649
51.610298
53.205977
47.916315
142.805921
62.664914
78.785667
69.073812
27.082923
37.510793
38.217361
73.404730
27.022076
52.976278
61.557633
78.724527
40.788856
144.543039
173.807739
30.064146
56.477748
61.233058
97.999381
54.741508
68.541296
45.714762
10.827094
5.643849
50.833500
78.125706
45.010719
64.169273
32.292964
66.758688
84.200803
35.929271
48.835777
32.152182
64.295346
16.966128
13.915332
42.864095
18.877135
48.298353
64.976118
40.854062
55.932378
23.115515
24.709082
88.200865
100.207948
83.060948
69.866014
25.416705
26.752452
84.207679
25.079182
122.028408
47.385602
33.299051
47.044798
37.086443
4.413493
78.037440
106.321501
41.709870
43.297376
31.768792
64.180388
75.042985
52.478643
43.069878
39.397026
22.665408
47.705049
54.234021
30.722639
19.124899
37.178992
94.458736
58.620927
95.903240
117.565762
51.823226
14.646274
17.270434
43.913671
73.779367
31.631544
24.664189
62.806895
22.798924
16.138141
80.483417
102.063820
102.557715
73.421275
44.268456
54.232009
50.397852
53.172913
70.064543
42.191544
57.426205
78.040296
79.433912
28.617727
19.093016
56.841533
29.240251
57.898380
44.548788
31.003761
56.473644
24.028574
21.284149
74.510193
91.695672
64.162965
43.021131
79.742985
48.207037
60.148565
83.521046
43.297187
64.496132
132.227888
13.128057
16.145248
57.364440
28.350742
51.430446
40.002346
48.145490
66.747080
78.185588
37.150644
92.750466
40.711517
104.202476
63.094579
49.585173
36.246310
35.658962
23.283191
67.077900
78.061666
58.726854
51.988187
27.334435
34.754949
62.715535
88.317313
53.195674
14.876650
17.422162
10.017865
46.409963
23.968270
52.359649
118.595039
61.036547
7.394663
117.381410
104.637089
14.237296
149.112768
86.843875
62.774585
77.852577
69.232766
77.737152
72.766122
47.859165
81.280128
94.048657
119.042687
57.907350
75.082359
161.476342
56.550014
102.905080
57.336327
45.963436
5.574442
39.527536
12.128266
111.289120
61.697416
80.828555
75.394598
70.378124
88.144788
47.200829
62.758980
88.112421
69.861666
41.675958
33.436932
81.830070
87.009414
83.515843
51.748051
136.086845
73.696541
19.507307
69.377252
79.090740
78.970156
54.629761
43.653537
106.160176
30.993240
48.541264
31.592477
50.670616
62.107228
84.727165
56.234156
63.059439
134.982979
32.317175
75.716750
53.836528
28.637995
126.402014
11.077285
8.589979
28.452715
29.498226
76.970630
47.980467
54.709493
43.900017
36.137321
25.285745
70.366401
16.372690
48.613565
47.587150
85.931314
92.865558
42.051505
66.591935
33.676321
55.522221
50.275134
77.608176
85.114829
51.092616
53.185868
117.956370
44.033939
79.778425
22.923050
29.403973
85.969266
28.061994
52.753896
59.334464
97.982058
110.073591
38.719886
10.384122
53.420554
17.315575
37.128856
49.458937
41.944113
57.716106
56.400113
102.486622
49.169714
43.908737
36.863025
29.642611
32.269480
49.923467
88.159405
43.768950
27.722621
76.791874
19.708415
48.117971
11.729894
68.201243
106.031359
41.415435
23.265421
15.611819
97.445697
96.257865
109.857360
63.878956
28.477798
68.627292
57.109991
94.647952
5.551446
62.429505
83.113578
65.131292
40.237939
65.311229
42.287655
41.066127
62.747387
41.210025
69.329270
64.401218
60.608399
23.948008
104.854734
87.760952
57.332034
74.024639
102.366226
36.798750
28.239765
41.740827
118.826985
6.025304
90.338610
74.493733
104.681063
92.701283
34.731692
95.939589
64.845331
26.931991
10.132823
55.426433
40.118782
23.877785
36.767272
74.831265
41.020886
32.219568
136.894710
57.897591
43.768117
70.259202
76.787260
32.229610
118.234971
112.409021
36.768156
45.635087
56.983315
78.137432
98.093728
50.390118
76.851468
93.382312
118.170842
73.295982
58.104135
25.568282
65.364657
82.317058
22.186174
24.793703
7.402965
107.574580
95.917232
76.835621
27.698721
66.144450
39.087194
86.650272
32.741059
29.975424
71.822164
48.363632
63.961895
41.785981
34.396060
12.852236
51.148760
46.143620
25.055249
31.275251
111.742005
91.574557
58.056806
53.342243
5.491571
19.674040
45.393524
30.873732
16.720234
1.642530
36.814883
43.328979
31.661788
37.771129
20.055376
114.279246
39.707872
56.337036
5.962526
68.701739
54.854909
27.009440
61.551411
58.291768
49.449945
20.924689
80.553915
16.281838
12.936020
28.248959
15.232043
89.958530
20.671344
63.537070
37.797239
23.518502
87.104656
41.359441
29.552365
36.386205
38.872281
31.153549
8.399969
65.575196
31.101532
82.640349
86.736963
42.849648
26.747749
56.793105
29.672690
129.416984
40.133504
106.264278
21.521387
76.471693
56.417252
61.309795
33.806540
77.986782
63.208564
85.224477
46.800613
77.020824
35.396915
98.070562
73.411795
32.215381
19.409320
31.351119
33.708448
65.117408
24.810705
38.042279
124.561327
11.716327
28.447613
30.857734
14.901293
76.173424
99.335685
42.174464
114.520423
10.617581
44.944906
52.578486
44.444940
44.880670
6.754437
28.480449
35.125257
135.717503
81.655442
67.093906
8.105626
34.238256
43.590775
55.148962
70.480324
50.324387
44.428018
14.941618
16.727286
58.352304
24.725982
110.282479
84.539111
41.075242
41.228101
59.661914
38.072519
71.629703
72.455966
23.619248
100.885845
100.040758
26.048523
68.888852
89.982194
68.404658
23.359152
16.090861
39.185320
80.998841
13.344110
166.839403
42.287697
45.332694
45.009000
55.740045
53.331956
42.086426
80.864155
42.284053
68.811492
67.837412
47.736725
41.889395
40.146457
127.116762
52.629888
31.426213
30.902041
121.463710
42.099359
46.253115
57.262648
76.023604
50.617434
69.477717
46.507375
45.467481
27.462057
62.437565
11.982658
93.869262
63.206912
65.108400
29.953675
32.390641
59.753901
170.472649
64.828534
78.372607
46.088426
19.203006
9.488887
107.735292
53.218943
75.120362
58.752454
72.792637
62.538981
7.501458
39.433104
50.882374
35.175209
64.096816
65.195768
30.210497
61.128792
108.276472
50.741809
71.939985
18.915485
48.753238
32.762138
94.892924
100.495006
22.656745
55.419894
75.292348
47.662902
37.865774
109.440364
83.261703
79.179323
41.443337
38.689395
24.313033
39.559055
59.473721
52.292372
28.542081
33.562263
46.147088
18.905893
61.205430
29.693838
13.125589
52.611375
53.617648
78.319149
95.431619
30.021066
75.691175
53.332059
42.205330
73.459409
36.140353
30.394602
105.062529
15.126584
25.848617
60.998883
63.826256
12.067079
50.209589
81.521629
36.643916
24.097306
103.735684
30.634777
58.315538
41.630463
66.437021
57.082973
38.359830
59.835045
26.632620
83.436250
65.956385
17.425420
62.630965
35.049398
51.076435
45.386524
16.254720
23.829577
66.062159
20.055186
76.040131
50.939629
48.622770
18.220586
48.295461
12.883637
30.581254
96.763286
36.096826
36.652707
27.859889
38.980717
8.214302
44.561925
38.453958
56.422503
32.844559
16.241340
69.798708
19.681632
84.153181
5.350673
40.589596
13.790923
36.879471
26.534340
42.529647
28.549916
44.472163
22.881355
48.382389
25.596029
57.126722
10.757414
62.617534
50.314787
9.508949
40.486655
44.422876
55.724447
10.259619
7.731881
25.638501
97.918532
71.903735
46.223664
10.496148
43.991996
27.366091
45.094800
53.177482
24.855475
43.301050
7.621574
69.249644
35.679474
18.924338
52.943276
21.070997
2.282739
14.900156
41.673741
28.727184
105.369180
73.999883
36.595402
30.074606
78.850446
28.844184
60.986476
59.035569
20.811911
45.355586
48.353345
30.418491
34.945407
25.776791
30.377674
17.619261
32.444009
82.677477
88.044779
28.910211
34.841781
14.873074
68.943433
41.327634
24.687339
12.819971
67.186177
25.393053
21.665799
55.010224
66.986948
94.975573
62.361442
20.736849
60.580682
56.988816
9.132700
39.828098
101.653555
36.723830
60.275616
45.628896
58.543869
33.763210
14.671664
14.990251
21.825669
16.335746
34.341847
49.876526
2.846037
28.255715
19.815537
10.600466
44.577255
67.448326
23.446777
37.109736
79.181273
50.181435
10.523331
23.856706
41.138498
61.678793
52.997563
29.219305
30.468321
55.875056
63.227695
26.399439
42.336321
43.162691
29.459044
31.252452
18.443644
7.986306
49.871762
35.263015
44.041859
60.220025
7.865413
19.305942
66.459702
46.703590
33.346728
21.211879
13.579722
56.711651
32.733760
19.262281
34.852851
27.873003
27.133340
82.495515
55.651153
77.096037
13.784327
4.467143
40.065109
34.702409
25.229891
34.510263
40.907598
33.900383
8.501381
47.428505
51.636906
44.321865
25.373188
10.532343
8.854018
39.216506
20.514997
61.508173
60.461906
36.844743
12.473788
21.844906
50.160908
5.962904
52.128201
25.828252
43.526508
39.500070
17.491653
28.422689
13.890157
26.728448
29.617532
42.514122
41.400419
26.100369
24.078782
9.708760
39.297865
38.509097
22.170988
48.874033
44.532083
42.564992
23.558007
38.377697
2.054397
33.396874
56.270204
24.635688
15.442960
40.704426
51.387711
26.290796
32.478365
53.384093
28.415270
7.047391
26.031476
51.034902
14.759789
10.968235
30.809056
86.586834
29.071940
28.787625
25.744634
13.557484
71.193770
53.122619
10.870429
32.713465
29.023674
39.883255
6.084790
30.467164
44.351273
70.536144
23.736882
60.403593
72.671343
37.300756
43.752019
21.310201
63.760816
40.272584
75.354759
34.232511
15.474834
63.110745
33.888064
76.528101
53.269213
54.183482
26.533009
52.404711
6.188965
35.110031
24.869949
13.413617
28.754559
20.884746
24.513960
10.489878
45.496575
33.974978
36.486367
7.823680
18.419879
9.873933
21.415003
23.243592
72.333556
22.233200
13.412799
24.797467
36.148517
24.923626
15.946605
50.693994
19.123805
39.760570
30.376892
32.740309
45.202539
12.161500
17.206672
21.695682
22.724569
5.210045
26.345380
34.587336
51.278162
35.748534
28.789083
34.685824
17.108829
15.090373
28.156651
23.578314
31.768781
18.967547
21.536628
9.175450
10.924626
28.096721
15.918236
32.621368
15.822594
29.691838
34.844041
20.367523
32.334231
25.878549
42.081584
31.249709
22.442890
51.293763
9.788177
34.219679
23.425669
23.608851
29.170399
30.898821
63.261705
18.230213
21.140088
38.773618
37.911816
61.060159
17.016277
15.042976
36.261514
23.371719
29.419673
25.034260
33.886911
21.219439
35.566694
8.265423
8.916280
20.814472
25.832598
9.833035
29.494335
20.356155
31.314954
35.904764
34.244197
38.833124
10.769683
26.822004
24.774159
21.789745
47.896058
35.723700
20.344137
34.487288
24.139540
24.886546
19.460291
28.202749
23.505223
35.146455
30.222992
12.143507
23.924979
33.614857
30.907785
22.474762
15.976703
20.300780
20.914317
43.735163
3.019425
6.268411
13.637251
36.091090
8.579682
19.922232
15.714584
38.933756
19.065710
42.951391
26.669772
8.299897
9.300539
5.682221
16.122623
38.944663
22.407382
34.763230
7.149869
14.702657
25.034436
28.055790
12.524960
28.594987
22.100493
33.161126
23.740763
22.211839
25.628623
19.569183
29.507162
36.977536
9.601915
26.437110
12.707296
10.451769
15.930703
11.090707
8.258062
20.770973
72.651272
11.813668
23.109079
22.911351
11.104694
11.741728
29.171946
44.777137
18.187992
26.634222
20.790030
13.125292
38.565698
26.634867
5.785270
20.481666
17.701402
14.409499
20.376946
28.500647
38.824070
9.681958
17.213273
24.961876
9.624811
24.142982
20.310539
27.727158
31.647071
25.349815
14.777939
30.016744
16.299865
12.519095
34.316395
5.121540
7.385468
20.999206
9.176949
26.796295
27.536170
20.651536
18.101966
25.618727
45.582063
34.802222
21.475835
21.765484
7.657932
18.813490
10.668092
30.805276
28.836959
19.473953
12.525252
11.339052
21.865385
21.649245
34.208683
18.264237
15.971127
12.619540
4.698018
15.052676
23.699873
15.279760
30.191502
9.155107
15.427420
11.352263
29.154399
15.587980
14.043621
13.920828
16.359254
10.309352
23.231909
12.647394
14.725454
29.763212
2.951194
21.141537
9.531134
12.180232
9.020988
4.951261
5.354384
10.309460
7.776539
26.614544
9.691702
11.691897
29.665704
10.947566
0.512027
45.633902
36.828144
179.336875
36.747199
7.845347
48.969098
26.495369
3.468877
50.253664
11.112892
22.291914
3.156658
37.618496
24.288567
5.778642
3.890834
24.686381
25.286981
27.469791
16.317831
32.396088
34.457695
20.999323
15.623611
20.922744
20.767078
3.946949
16.007821
17.054212
37.448290
7.990020
25.559031
17.745520
15.952328
12.931212
49.356173
52.539391
19.329172
22.779952
47.129656
37.146370
24.818682
4.830026
8.490706
16.376994
13.828234
7.150699
15.328999
9.488688
17.367970
3.100730
28.509987
26.071015
14.099748
22.363194
26.625644
21.712156
27.848092
22.387692
32.331961
6.886418
5.388364
8.115990
9.066484
15.676360
10.315982
6.498012
22.354324
45.936893
19.796326
7.702422
12.047154
6.245552
29.570038
138.595861
50.101176
32.382625
9.305068
33.992335
3.915025
19.095429
10.391303
22.629206
35.945656
17.169382
9.532773
21.480805
5.068104
31.425738
12.867009
16.319154
29.027325
23.451339
50.721386
18.114765
8.869355
28.862685
13.785326
27.201799
3.912185
34.485656
42.832770
24.206827
24.780340
17.972993
30.884486
18.866116
38.975152
11.401326
10.829259
147.403397
98.057009
37.144270
30.068015
40.105141
12.885186
20.218431
18.535058
20.351801
14.638425
19.215971
53.928316
25.515823
26.858822
24.961768
24.260582
28.909213
25.602675
10.822199
16.292285
16.094551
9.202963
11.514268
12.422892
3.458680
4.796887
20.339495
29.401942
12.786325
13.857205
13.706825
17.091493
15.753680
20.065529
5.717594
25.234372
15.039319
6.549319
15.805752
23.380045
8.144909
40.581305
35.849882
21.707760
7.843187
4.542361
12.232106
15.178564
13.294691
23.712890
7.575152
30.885620
26.989786
23.054290
31.038760
24.684492
1.595297
15.757245
13.649824
25.219461
19.213015
11.078241
11.251186
12.757833
14.751048
28.461957
18.042161
5.603929
5.881741
16.685396
37.057549
2.092265
2.794339
15.368015
22.261441
8.706900
17.426818
12.078126
15.738752
10.813314
12.851133
12.930412
15.969625
10.670008
2.840236
13.544571
10.091207
15.734176
18.360812
10.395358
34.984467
20.951742
20.794539
11.767947
10.048913
28.771946
23.606269
5.718372
13.712164
16.727514
17.365679
7.696159
9.505442
5.508268
23.324228
7.021346
26.437777
7.713102
14.398788
8.610498
16.859963
17.734555
10.141725
11.167277
10.981712
8.541468
10.116703
13.947036
25.946076
1.611183
14.803402
4.212036
22.664639
8.432099
22.525681
19.851606
4.866275
12.976278
5.528077
19.455845
3.589022
4.469730
10.434256
7.950504
4.326174
14.973747
25.160454
12.290253
2.279408
25.820920
21.199436
2.486490
15.328361
14.868120
30.043474
9.403626
13.437456
23.055428
10.785452
15.559610
0.658500
13.563040
20.018321
9.703190
14.889301
1.310380
9.298958
16.020217
18.729913
12.484924
12.108264
12.919593
20.754915
26.742930
9.063713
15.001750
10.073630
16.823721
26.875255
17.400668
28.900755
18.752962
12.280997
23.961805
12.572912
12.362263
10.801058
15.452882
7.644484
12.231781
15.077888
13.552799
24.909640
39.795040
3.325467
7.403306
0.376659
7.841656
8.709742
12.414692
8.945635
40.206679
9.282890
26.225766
7.433795
4.707671
13.546469
28.172668
18.530454
11.230683
11.124855
4.243875
10.200793
9.918605
19.582131
13.707977
40.726370
9.448316
19.627870
15.812796
18.181399
11.750541
9.955642
18.880051
8.209242
17.422737
12.133968
23.852468
19.455536
7.640705
11.046068
15.020909
18.246390
16.567825
31.712299
15.057478
30.956908
11.583247
20.497817
24.633668
3.799721
17.264300
9.343495
9.030198
2.847025
18.156095
21.246662
15.887013
1.773400
8.314095
13.546405
18.694421
21.048760
7.637011
13.097884
10.293598
21.286477
9.339503
8.554795
22.707719
14.835397
7.787946
11.999073
6.384950
11.051584
20.352615
9.157634
13.561018
12.262946
15.103278
10.299983
4.737633
7.762974
8.730508
8.402022
15.399539
19.803899
28.751180
10.564625
5.743411
24.661231
9.707188
11.276251
21.343235
13.489699
14.542857
6.992194
20.017610
8.846474
8.388189
21.979198
17.247640
6.963768
26.069660
16.719572
12.026994
13.880199
20.033876
3.292001
18.477038
7.835417
26.458930
10.838507
25.126712
19.578587
15.078261
10.614502
19.204678
4.770519
32.951136
6.054786
20.284945
15.836357
26.954860
25.171333
9.692761
0.838781
6.020786
21.984870
26.072772
16.464771
24.997240
29.573468
12.454954
9.336157
7.050227
17.957017
17.321940
18.338946
12.069242
13.669782
4.844565
18.548306
11.115865
17.880803
8.638754
5.271141
8.611369
26.522616
23.143197
16.981062
14.116688
6.250075
19.174468
4.827467
17.785184
17.556297
2.877244
12.001628
7.573250
9.624837
3.346762
12.143979
12.565543
24.855604
29.196922
7.996049
1.509881
2.699165
2.464335
9.973857
5.159846
20.081885
11.411183
11.061956
9.153595
10.177984
18.869641
5.692626
11.296971
16.464520
22.311666
31.442876
10.516663
13.838151
3.763365
15.653008
12.825655
11.442820
10.847542
9.983841
9.055594
26.901773
17.529700
12.199623
27.066454
3.809858
8.326472
15.103909
3.827250
15.047633
16.625343
5.175332
2.637929
2.100405
10.960548
4.594790
10.671395
9.835456
20.102746
2.685274
3.407196
8.140785
9.691125
9.411161
6.250763
19.687458
13.358929
6.779805
22.703650
33.165235
14.756505
9.645812
17.118016
29.700242
5.682056
2.588908
14.804003
16.585757
9.336897
0.682569
9.876943
3.109587
17.975537
7.749560
8.932353
22.683761
16.151953
61.654998
20.083720
28.631834
3.343167
22.036045
5.485634
9.112241
10.488421
12.647096
5.872297
13.306700
5.071647
10.997160
26.863763
5.794941
18.614170
25.531671
12.032868
12.124457
10.410239
9.946637
9.788682
21.082498
13.842659
8.911279
1.400221
5.020184
11.677571
7.382193
9.212148
4.779749
19.896795
3.659956
4.477779
31.027749
14.607247
9.076084
18.542511
23.771323
19.299010
16.661994
0.223077
18.358373
6.183451
17.936983
8.850345
13.362019
12.149454
14.081495
18.662802
8.972012
2.871410
30.726074
7.662640
3.720674
9.041849
26.768950
9.892153
16.559471
13.534930
17.496024
5.661181
5.478948
9.712043
13.129114
3.866242
14.498291
12.466313
5.339225
8.657653
17.341319
2.650019
10.292755
4.236650
25.896108
6.343010
2.727421
6.752098
17.491987
7.858857
9.487709
5.823798
11.909317
1.992079
13.165115
11.445668
11.210379
5.398107
19.744403
8.510386
20.680163
14.260573
16.687101
12.601868
6.533469
3.671736
21.700016
9.849631
2.017235
7.446279
15.198065
10.535927
9.360485
8.489908
7.516954
4.837606
25.228598
13.595820
10.251199
11.581469
20.556575
4.640775
2.125758
12.030581
2.266262
8.931986
10.030399
11.804285
15.818847
9.132011
8.943335
15.832990
24.226865
3.001050
16.139802
17.571753
12.894036
10.588169
11.727810
12.127778
22.774855
8.968482
19.617261
14.932224
3.430213
7.511698
19.399254
15.994696
13.409701
8.204638
11.546322
9.291865
22.835652
12.545713
19.121305
13.384915
22.313685
11.153874
13.720040
5.424962
7.553470
14.209219
11.315952
2.653742
2.866299
12.667934
20.333853
10.450477
5.839145
4.857134
21.694957
6.165138
15.258488
8.960643
58.451589
7.661308
4.667172
7.549976
5.513265
12.016022
8.152090
6.370344
8.353575
7.634006
6.294820
1.992342
10.501567
14.415144
7.208925
11.832563
10.708283
5.325975
23.358885
10.849697
3.665242
2.001131
4.917825
22.735424
10.168828
21.404418
5.971616
5.427820
13.300072
7.142669
13.188701
14.232448
18.645585
9.883323
18.467757
18.063485
10.538517
5.964655
4.498270
15.414035
8.481275
6.828188
13.167408
7.126385
5.473182
11.343707
19.649426
8.849350
12.435694
17.728309
7.268113
15.236088
10.293988
10.454164
10.543678
3.285022
13.935247
11.832619
4.545892
12.241668
9.456142
8.699476
15.738992
18.439768
11.537344
1.803299
10.262372
18.432770
10.653627
10.026885
4.281683
13.784939
6.781780
9.172953
6.769198
10.827685
4.358907
3.700429
15.683619
16.881780
7.125331
6.651596
7.358535
17.015314
8.507349
15.263365
13.206424
4.551224
16.603831
12.662406
36.177796
22.710951
19.786579
12.629165
1.885369
11.171541
8.190245
5.105440
6.925016
6.175482
4.460075
18.247836
11.809019
16.165402
12.806231
5.873442
4.215800
22.499137
10.641492
14.777245
9.949941
5.569780
9.642086
5.862296
11.117789
15.951116
11.467227
24.146889
10.306907
19.834905
8.472031
4.899450
9.499870
4.801516
7.652638
12.302954
10.953175
13.315239
15.495757
0.415289
5.502117
17.622452
16.898623
7.182549
6.742037
17.613536
5.334799
8.997114
10.141801
5.743248
8.689203
9.490642
4.247691
11.408990
11.615261
15.602721
12.492610
8.460500
4.817032
10.142220
12.588333
14.800735
7.810484
11.328965
3.928074
7.180101
13.086402
6.405530
4.466619
1.753797
5.209959
13.058397
16.739417
9.769907
14.040792
4.402872
8.611630
17.182627
8.152308
0.954787
10.125460
5.503253
1.018706
7.670025
16.534865
16.664427
5.075516
3.395126
11.373064
8.886872
9.656447
10.216368
13.894894
7.274958
2.383637
5.521609
6.439606
14.989821
10.338606
15.184549
5.062140
8.719860
0.617033
9.258034
15.558607
4.441984
2.203157
7.866194
17.500901
9.028019
10.040858
12.942253
6.050773
15.281221
6.931949
2.994870
13.332534
9.547735
12.520794
5.846690
12.521971
11.252779
19.598635
7.480524
6.207126
4.540990
3.252063
10.071150
14.921577
16.730477
10.348180
4.060252
5.221523
4.673849
23.936634
5.378262
8.619059
2.447451
6.353215
13.672644
15.083123
9.137596
12.870646
3.533079
4.456613
11.051976
11.552200
6.254515
11.537325
4.204204
8.012783
7.049966
22.067880
3.300845
8.579961
3.987674
3.689605
5.861284
2.531916
6.264125
10.177859
8.524896
9.595386
26.933534
11.544734
8.892626
12.618735
16.065760
3.398204
8.244290
13.762961
8.508906
1.869013
1.716767
0.912478
10.017213
5.283683
7.945500
3.714595
10.600019
19.908465
11.380073
10.748001
4.958007
2.326789
2.100542
11.522029
12.211257
0.883241
9.529952
7.374464
7.131468
4.469189
9.693502
7.253480
11.063336
11.715847
13.537127
9.460862
6.232867
4.967636
8.186197
8.665666
3.031885
5.717266
6.665938
10.762324
6.584934
4.546925
9.035185
15.679591
11.248200
3.942524
7.838642
5.466257
3.940959
4.502670
4.487073
8.820727
48.811095
29.027193
8.491318
5.460908
18.698837
10.928902
11.490516
17.435739
14.268594
5.542764
17.935278
10.781595
25.092558
5.349064
11.453550
8.443712
3.971497
3.750279
11.702998
6.127523
16.261408
7.154743
9.003498
9.451662
11.633195
11.815885
16.926475
2.808675
14.033539
6.162100
10.615330
7.152729
7.560127
6.156171
8.051244
10.294495
4.706174
10.179994
16.000427
11.987282
0.249508
4.104544
12.122792
8.548389
13.968338
13.089348
15.635606
9.848940
3.836274
5.298018
19.830087
3.089511
10.180134
9.442136
3.204793
13.495461
11.067451
2.592906
12.285858
2.827767
21.420172
4.753241
12.413482
7.801035
15.092570
1.426688
3.102440
7.259701
13.632042
12.317972
4.532841
11.167606
3.448091
9.254793
5.499616
7.289382
9.612251
7.932622
7.581253
6.933260
12.896296
12.972832
7.731643
1.199689
19.522896
5.053803
12.515164
11.795078
9.044102
6.898684
15.756329
16.458060
16.543990
11.566963
6.358432
12.263145
5.246575
11.926361
4.784456
8.085120
2.559805
6.877739
14.980053
1.566277
7.767854
3.892302
19.345982
13.228074
33.721051
48.917874
7.907391
6.940925
11.451970
13.571800
16.159632
4.708583
22.182666
5.420648
10.262679
4.186092
8.279695
6.737118
2.826042
5.095009
14.535066
3.259072
12.015678
16.636697
1.020178
2.738596
8.676616
13.527428
12.455414
6.792375
8.029683
11.926233
6.088862
15.192283
7.462624
17.262932
8.595922
3.506629
1.496866
6.863316
2.390125
4.414953
7.443128
26.816703
18.328538
22.833068
8.525494
5.522735
15.056030
4.355281
11.366002
7.599876
7.790378
13.891921
10.054255
12.810118
9.098566
5.985214
7.847602
2.693559
1.588210
20.442750
18.724476
8.857826
3.347322
9.895799
17.327563
5.456518
9.438088
4.513631
14.645685
8.352005
15.929236
6.941105
15.125981
7.264986
13.116355
7.385427
3.480017
2.350881
11.331369
7.555711
4.750092
7.843976
2.695910
11.915891
9.810725
10.277048
6.598628
8.815868
5.538152
13.364074
10.128493
6.506366
7.310804
6.574968
23.722320
6.855535
4.824556
17.351842
7.684048
15.412734
2.954246
7.679549
6.631548
12.581103
5.514910
10.212967
2.090153
5.478634
3.286865
4.552458
9.462749
9.591405
4.350104
6.937320
9.108273
5.816756
1.478419
5.755464
10.385753
12.405746
5.888519
15.567364
10.565263
8.582673
9.010267
2.704772
15.219926
4.629876
10.816011
15.574798
11.804259
8.541271
4.317694
10.403883
5.724310
6.780075
5.883707
8.257634
2.094390
14.467359
7.250989
12.170633
6.828224
11.345428
2.331101
12.068004
10.578801
13.193717
8.989146
11.711448
9.732425
17.224766
4.045276
2.911675
11.082777
5.750205
6.846964
4.020155
7.526013
3.996655
6.172806
6.939286
8.925293
13.251537
13.486836
12.462457
19.310506
6.070404
8.936445
6.073027
0.386471
8.693198
1.267685
6.011733
7.862978
12.239903
9.440329
2.625005
13.449099
4.451133
7.813447
9.932520
8.850631
16.594107
14.005634
52.743718
20.464719
10.575995
5.227965
12.403814
11.386545
3.784198
2.619811
2.971015
12.699852
5.574044
9.259475
3.383563
10.472796
13.069074
22.618970
16.459323
11.906918
8.922032
8.123881
5.844366
4.804395
5.491403
10.509285
0.935786
8.320057
2.673512
10.085177
9.733909
9.388383
0.574823
6.676477
5.376667
12.679903
6.516894
14.199312
5.189832
5.974181
4.518735
8.615627
12.506055
10.761507
9.215818
13.072817
12.666405
13.691141
9.860412
0.575084
3.233791
5.005776
13.774955
10.490744
11.694994
7.102205
4.947251
6.842617
7.408434
14.577848
4.643941
7.403172
4.923509
6.368426
12.840383
3.001206
1.102605
7.621165
10.258144
11.914676
7.775131
14.793936
4.254076
7.845215
2.486742
10.784102
14.149339
10.088664
10.269796
10.125413
4.922462
6.734111
5.140145
6.495287
8.525875
8.566470
11.095695
1.914303
6.910072
3.512273
3.865756
6.626559
6.601188
8.627738
12.925721
5.686533
4.776648
0.321164
9.940661
4.381324
13.879060
7.072103
14.636677
5.859526
12.584939
3.873880
14.296105
14.894976
13.068343
7.339023
30.086610
27.146641
5.019454
5.581488
7.319850
4.023661
12.783786
14.009931
8.563214
7.179697
1.885141
3.042126
4.166216
5.940093
5.671376
10.807484
11.149002
8.705600
14.059423
4.473144
7.912548
11.387685
4.894656
5.772123
4.380516
10.345007
2.684932
17.817536
10.047166
10.553670
5.484910
11.167976
4.915270
5.641534
2.887623
4.603888
11.427264
5.393826
3.153960
2.258097
7.736403
10.092338
14.949303
4.933925
13.172936
2.192492
9.030059
9.186206
11.522020
3.197913
8.264287
10.979256
9.845803
6.114510
9.466596
3.488339
4.403634
4.719968
5.509575
7.493190
10.720857
7.986815
7.427073
6.741692
6.788497
3.943162
12.300508
10.856075
10.632521
17.214892
10.362082
5.317002
9.036055
3.856971
4.359804
17.821775
9.110355
11.110457
6.303621
3.157636
4.806972
4.576151
2.746196
11.584207
17.324840
2.063256
9.400145
3.586795
15.822895
4.913023
2.872226
13.579398
7.158679
10.344015
4.067452
4.590310
3.717314
6.749414
5.251813
2.377231
15.665583
15.132527
4.994193
2.600475
4.985221
10.704640
11.924948
5.468162
1.993691
7.274179
6.234017
11.337845
8.261173
13.081684
7.761116
6.379000
7.203751
11.551279
9.210095
13.473819
13.096131
13.501945
3.435666
3.095534
8.276392
0.952074
4.519322
11.898729
14.214306
7.866818
10.905718
1.979212
9.634315
7.241534
7.697126
10.451262
3.995625
12.899468
6.117713
6.683920
9.483347
3.771973
1.779660
9.355360
4.348630
4.604617
7.803059
12.321194
13.562089
9.792140
2.552934
4.952564
6.490317
9.761482
11.322360
9.286856
1.628057
9.032999
4.020474
1.970504
7.565793
15.787242
6.070304
7.548918
14.503702
5.851193
8.746280
1.657597
8.131659
4.850292
11.252448
14.283009
1.837742
2.242791
14.142891
12.148421
8.961577
3.071168
10.169533
8.459542
4.279895
11.949776
4.402145
6.267047
2.305036
2.382299
4.995623
9.235169
7.873553
3.183801
13.151794
3.337748
11.296387
5.992948
12.532691
6.976153
2.169659
5.123753
6.181692
9.572382
15.346901
8.170317
2.874946
12.850947
3.754242
3.589113
10.367651
7.550964
10.373566
10.460838
8.394373
9.185191
4.812470
5.277147
5.667323
6.349850
5.774971
3.057670
2.949929
10.603985
16.648957
10.843545
6.274898
3.837215
4.670985
13.219614
4.325615
7.678748
3.889969
8.462821
6.777392
0.523704
5.425617
5.677157
7.262498
4.131654
15.005318
12.026681
5.277073
10.450881
3.936738
6.974654
8.594225
9.741816
2.476995
7.881528
4.459866
6.613004
4.857138
7.189257
5.458734
5.927268
9.041572
9.085604
6.478349
13.752255
11.231268
8.099186
7.594580
12.735253
3.815974
7.727825
9.339144
6.998566
12.335436
3.880923
6.173523
2.322222
14.680282
8.818797
6.920408
7.692314
4.320098
6.107748
4.470347
1.298832
5.156751
6.869776
11.646454
4.420183
6.632081
1.283094
2.393129
10.725403
4.407895
2.375583
7.947396
13.713955
2.537172
7.742035
13.239894
1.462370
5.322720
13.273999
7.129734
7.246932
3.226432
21.571235
18.350365
8.458409
1.434548
5.516238
3.828606
6.337554
9.319306
3.309686
5.032985
5.655983
2.678140
16.379676
8.244156
5.855662
8.451614
3.646373
2.666425
8.139631
3.104600
13.657008
4.802102
5.870921
8.597194
2.833386
11.131723
5.868087
3.003475
1.907209
9.770982
15.246068
23.185212
5.538688
3.534883
4.890018
9.369439
11.992619
6.249324
3.696518
6.859600
8.246741
7.361517
2.351035
6.592109
3.877036
6.421412
7.960139
2.892339
2.182995
8.587707
6.207073
13.614704
8.273453
10.146901
10.644371
9.301158
1.381346
8.362770
5.886145
10.259230
11.786694
7.402952
4.918278
11.933197
5.129945
7.307376
9.406029
3.976041
16.771144
16.703625
8.350652
10.659843
7.601235
2.303684
3.808032
5.470325
5.992422
0.732518
6.538795
10.276950
4.909390
7.992083
2.204558
4.596230
13.020726
1.600135
4.014880
13.181016
2.989069
7.552320
9.725409
7.881403
10.651918
6.752804
4.506672
2.321409
4.135218
6.782855
12.236701
10.969559
7.541453
2.206196
8.812601
3.614253
6.621715
6.115727
2.986350
9.282690
6.336842
8.761820
8.814844
13.050528
2.048096
7.580223
3.794632
11.337705
3.984288
2.637424
8.619026
6.572180
8.629610
20.694933
10.724589
3.074507
2.785235
6.070479
9.266526
2.888215
6.753890
9.219484
1.650673
6.495242
1.569828
6.933790
3.366274
5.302300
2.408555
6.110390
4.194840
16.734610
10.260721
5.648330
6.540965
6.380108
4.600240
5.154829
9.073086
2.713143
4.649543
3.550385
9.280877
1.629433
11.486495
8.865207
4.218545
10.626628
4.989046
6.457086
3.160924
5.664724
6.029512
9.419795
7.703864
6.361567
6.046276
15.233051
5.603887
12.856517
2.550317
2.526819
4.809502
1.481474
10.637212
10.901069
8.871037
10.344105
11.761679
8.963200
10.582205
8.480221
5.346546
13.068662
0.615752
7.014514
13.762419
5.566402
6.295555
2.993535
1.067324
13.017356
6.613600
10.375631
4.921629
1.328799
4.272781
8.522041
3.039551
6.048601
14.334989
6.556167
11.640946
1.371528
8.701382
7.411140
9.144997
17.665063
2.724245
12.495425
7.680908
12.839700
7.122658
8.835939
2.149720
9.674202
5.661967
4.217406
3.918014
4.110800
15.066488
12.959895
1.549842
1.477604
6.216083
2.086410
1.696785
5.893207
5.388713
9.942329
13.061477
11.529844
5.142206
13.229377
2.574109
14.692564
9.746130
12.541357
3.762422
7.410219
7.099505
3.332693
1.654834
5.200025
15.175561
10.875206
9.227811
2.344447
8.809190
2.521702
2.242416
11.883084
14.201210
10.859470
3.819818
1.905407
4.973114
10.746772
11.419200
5.125915
1.651879
19.836596
10.131752
10.055624
5.063825
8.372072
9.133965
11.513312
5.622888
7.597009
6.141951
12.116207
12.211949
5.796727
7.147560
8.337520
4.901116
8.514094
8.478512
9.928757
18.542141
11.105525
14.841848
8.124178
3.968580
12.473207
19.481231
8.053833
17.271827
9.263721
6.442485
7.737569
13.203035
5.608492
5.113900
2.341429
11.436969
5.104799
10.560554
1.823943
6.290852
4.429472
9.264620
2.659649
7.588976
21.006026
1.189558
13.834102
9.432512
4.482486
10.805188
4.779484
9.040396
1.522537
11.660928
7.541979
11.753521
15.339551
8.439927
16.082382
7.651095
11.343390
14.572821
4.081165
19.178732
10.874290
6.676861
10.256589
4.844708
12.349808
11.432583
4.055999
10.737838
2.590135
9.857723
2.712102
7.815090
5.978126
2.990706
6.990526
4.670335
12.803488
12.664514
2.417119
11.935034
3.918258
7.857143
1.789051
4.599844
3.107679
12.371086
4.398832
11.560043
9.712852
12.952065
20.807587
2.053869
5.309066
4.556863
13.698317
5.046333
16.971811
14.127869
8.820307
5.139158
3.055022
11.261926
14.752287
7.999926
2.227514
18.632462
4.114419
7.184331
8.275239
4.662629
11.973022
9.592460
12.183074
4.422440
12.770086
2.827956
29.404927
13.966163
20.515713
7.329535
17.105736
2.549780
4.384075
24.650723
12.110841
22.961855
6.524013
14.147824
12.612884
8.545155
17.793257
9.470378
19.186383
11.096908
1.238486
2.842599
11.285733
4.820155
10.648468
4.293737
12.922764
21.099542
4.499049
5.239002
12.015419
11.336626
27.567933
11.960286
10.235064
6.493953
13.317457
11.628959
7.015182
6.640460
7.054253
11.239923
8.467829
9.613241
7.112245
9.370527
9.142719
16.145031
14.325023
6.442662
16.410808
18.402671
9.939781
13.462388
14.822323
2.390206
17.004431
15.651739
4.222109
10.349901
7.532256
11.279847
24.652982
7.669041
8.165715
9.452264
17.779820
1.421755
11.323433
16.078514
12.484873
20.657515
3.312505
13.835196
6.558814
4.035007
9.924210
18.153327
18.164438
4.694536
14.582494
0.718514
8.273822
5.334177
11.737445
24.650878
15.715594
2.204346
12.656452
15.145020
10.855463
13.732088
3.091440
10.859312
3.418405
0.950433
20.565739
15.129111
29.288615
10.277702
8.622265
13.501060
10.344102
13.803600
12.364041
6.701491
13.798417
9.287241
11.051646
14.042247
6.658794
6.741021
18.795758
25.425540
13.576187
16.483666
3.308574
6.921811
12.103559
5.215321
15.048466
13.201842
13.535257
12.809103
18.087633
13.432176
13.686253
4.018371
24.163283
12.568010
11.007653
2.414058
11.935163
23.184347
12.732377
11.615641
25.882064
13.410025
15.808941
9.222789
4.115362
12.251056
14.064710
12.390423
3.833092
2.564071
8.876320
6.069903
15.773549
7.131831
12.278311
4.667980
19.850603
35.518005
6.633348
4.304682
22.846332
16.068322
4.356499
14.659591
31.304955
13.724204
18.255453
10.360098
12.852399
23.825716
10.112904
6.241308
20.243107
23.567010
10.399283
22.153358
7.625049
24.809108
26.135034
17.646802
5.873373
9.504342
6.782330
12.309811
8.709092
18.241953
19.474074
11.153190
24.971951
21.810230
12.239018
28.217179
16.962622
16.095474
28.456709
32.848422
6.662898
15.166385
5.925373
4.329883
8.148106
11.594730
13.561136
13.229210
13.220947
1.708636
13.640668
10.338982
16.420913
20.392041
4.989488
10.808953
3.353149
17.303524
22.797741
32.094582
4.307855
7.615795
7.142012
26.164796
12.949457
12.512352
14.194303
21.309954
18.139287
6.471511
31.754354
11.996018
13.962384
8.708160
15.603841
7.330317
13.456355
8.750134
14.966295
18.271094
12.277055
0.557291
31.770987
4.480834
20.862666
13.998301
11.911682
16.474665
7.448006
12.281961
5.614001
18.233992
9.180239
3.845913
15.555496
24.748093
3.767066
4.479278
14.027085
7.991923
20.892715
21.836307
20.887128
16.552450
26.223921
18.515256
13.227487
13.152826
13.492729
5.614052
25.419422
8.304168
29.609602
20.379403
12.074348
22.980384
17.938373
14.468052
19.583093
13.261317
17.024547
11.506508
38.102770
13.151201
11.040712
32.537758
18.283929
3.081272
14.002790
18.501535
11.825056
3.204355
31.921428
15.371437
3.875071
28.472309
16.555979
16.722773
9.910412
16.512232
29.369779
23.451903
13.331740
8.820918
3.222008
11.034494
19.608691
6.313024
17.505437
17.475890
6.662098
9.639869
30.242967
4.422028
2.445941
21.082233
14.332920
23.290069
34.237695
41.308594
16.240633
15.962988
18.923161
17.096110
9.792800
32.649734
38.949981
13.761967
15.601565
11.858573
26.884662
22.447289
35.945451
16.602633
11.992770
20.505671
15.823188
14.163665
19.340828
13.285894
6.560230
14.900922
22.619003
21.638245
19.846123
18.048943
32.074024
5.210623
9.265362
17.163517
39.428361
28.294730
90.798604
13.224228
18.981040
13.907707
26.561049
29.071903
45.337952
8.564347
20.267328
15.035038
14.518388
5.474690
25.102671
19.976948
26.727158
16.561277
11.581426
11.086909
55.471275
8.004682
13.275097
21.233470
33.402086
18.516241
13.991436
21.508090
23.845582
26.951716
15.269889
29.732649
15.830482
24.407257
18.159596
18.702096
25.670461
11.422757
9.511244
1.722765
19.587563
10.141360
15.229505
5.729363
22.737501
27.928216
32.913487
10.334822
33.813383
34.435074
6.853935
15.609047
29.149429
11.123218
21.657978
7.306592
14.621465
29.834395
30.217740
11.614303
22.432901
7.981634
6.070959
23.304470
23.421686
26.820384
13.636029
8.347200
17.053299
4.218710
21.210225
26.676859
43.714772
11.766398
12.465068
4.333491
19.069111
23.409049
12.003969
17.670104
8.269555
40.608442
23.822786
34.544437
19.063602
2.281681
9.141850
10.802753
4.682144
46.906078
9.849402
10.008596
11.219372
14.620978
20.631276
13.362693
5.483913
21.834160
29.870105
14.512473
25.552736
10.456526
19.626716
21.208290
24.762997
8.138922
21.953925
22.224977
23.375058
12.491124
26.731106
24.004129
42.079106
17.412842
10.192308
12.619344
20.554619
27.632606
19.920152
18.763389
22.353488
4.857952
18.972709
7.519398
7.560595
11.782227
18.978277
26.663044
16.051784
8.822249
13.521964
7.330770
34.616891
3.134091
10.232543
17.850694
17.831729
16.617100
8.949295
15.763846
13.689527
12.276468
9.772803
17.366287
20.105344
5.702091
20.098806
13.696668
40.191599
7.652864
17.411330
5.409561
21.304085
11.951931
13.098702
4.951864
4.672713
13.656547
12.089707
5.653683
18.483111
13.648715
33.593700
29.245415
16.974724
11.269355
10.851234
15.454301
13.075624
10.977259
17.585209
28.610267
16.938319
24.549462
9.894762
9.621735
26.803864
16.511580
18.804322
7.595643
21.863449
37.629402
26.529680
3.831997
5.751335
17.475495
36.023280
21.537843
9.246840
28.997117
24.251744
37.947876
23.553565
29.782404
19.018637
42.739861
26.927934
21.313285
6.669983
17.064104
34.969244
34.998978
4.390698
29.149713
25.565387
12.354092
22.011265
59.997029
19.518041
19.725586
19.885533
13.028856
8.162340
7.321503
22.719907
2.828473
9.218257
24.725863
38.873290
12.397265
34.080302
42.339086
20.624555
29.764531
14.038508
36.357809
14.392195
19.626082
4.134511
22.944835
17.971699
13.250387
33.962763
29.380438
11.954544
6.268407
19.818487
31.916983
20.903174
19.932841
9.883962
11.802128
17.417180
14.175079
15.506494
17.099020
21.949500
12.833502
24.219139
5.646172
18.209098
2.818954
32.822922
43.788680
29.675897
38.628552
9.357125
9.595748
18.740449
24.748099
30.883246
8.431035
12.093692
7.129663
16.512207
10.815748
25.557044
37.665498
11.353550
12.803268
18.468274
20.103920
27.869069
22.195117
18.155105
25.894222
16.571581
13.645332
17.871766
21.952286
11.917887
16.357068
17.866119
21.773308
39.205049
34.759731
14.793168
9.228414
6.069448
27.006551
18.119124
5.810920
14.021170
19.959872
32.822410
12.708262
28.375730
30.666550
29.211467
22.813102
8.420084
10.175147
16.220747
13.277209
27.887486
34.800664
16.464694
23.993644
22.680229
18.475635
7.763681
12.000169
5.774546
18.623451
8.544089
27.768145
15.413813
12.156167
4.493620
19.403705
45.795695
18.097883
11.758191
39.145881
20.410829
37.775620
30.774526
20.924030
28.103638
24.056890
5.328186
9.139643
14.784410
9.330000
41.747484
6.098015
17.692370
27.640073
18.043573
14.067296
17.220362
23.175142
38.053970
23.080926
32.954859
30.432119
18.662235
13.534207
6.326205
31.938274
17.836337
17.852422
14.338031
31.680827
20.678830
38.179682
32.606280
21.503352
26.732473
3.335677
10.262657
1.880990
4.169863
29.731187
27.874231
19.945160
51.634655
30.334769
8.513492
50.897344
19.402058
27.689070
22.926151
27.423846
29.480819
34.015355
29.863375
29.179770
27.206423
49.732873
6.053165
35.905217
55.396848
4.027405
26.072773
30.723204
18.356836
16.396899
19.563270
13.633154
14.885197
6.462369
20.792350
35.998627
16.767740
16.652357
19.000688
23.770592
17.145875
23.650029
27.978141
4.713463
14.969518
28.255532
23.733592
22.285233
38.846349
20.437506
20.648710
19.183955
29.583971
34.752781
21.065159
12.293970
24.937332
20.093111
15.884431
5.688579
8.456790
36.036304
22.669513
11.856561
31.089057
34.998591
15.478094
23.227937
10.329030
17.385253
28.086674
16.995085
6.799964
12.132977
15.683111
15.832124
13.027047
25.828579
12.532453
15.094906
10.357017
17.971271
16.890564
24.986531
17.066971
12.023487
31.126103
20.466727
29.590550
10.238740
22.678320
15.974622
44.157229
45.920668
27.499755
8.797151
16.553957
22.375861
7.230125
7.752151
23.709588
28.310366
2.565184
8.970210
16.627452
42.141454
37.403303
15.284558
19.814897
12.203702
8.778752
10.475481
18.874140
11.782378
15.100909
24.156546
16.978477
26.370150
22.480433
27.345641
2.395257
19.248302
22.010930
38.545173
20.916183
9.160287
13.841228
9.449422
20.629801
15.064834
36.694442
19.684854
19.481631
12.426125
8.881010
27.650819
43.880890
36.031098
29.875827
12.488490
9.026246
15.031656
12.186690
14.863155
23.787035
4.701544
12.559892
17.178026
11.030913
9.443722
6.990060
10.273617
9.664877
21.170396
14.603986
21.827422
12.860386
23.979731
25.453243
25.405349
14.361867
19.902857
8.370011
12.237779
23.004657
35.651934
9.055384
17.327726
17.542788
56.271277
50.825216
11.607913
26.675695
36.102093
17.496091
12.138246
22.929258
20.332529
6.116481
15.501693
17.830360
26.045596
19.848993
37.336031
1.979395
13.565874
26.711256
17.994354
12.774053
42.856825
22.512161
25.700338
3.571794
15.222640
22.647510
38.145160
39.219989
38.116002
38.127571
40.483490
21.249438
12.570295
11.734025
5.074164
17.417102
8.479112
11.342093
15.919715
33.529892
33.594069
19.883260
16.327718
11.184420
12.899355
18.996998
20.988259
17.356229
33.391840
25.573881
31.558243
12.228634
10.793531
13.395430
18.449277
4.128247
16.043295
9.215655
44.511712
26.992283
7.302136
26.273341
16.174035
12.663044
10.512650
26.367420
4.176077
31.229735
14.169865
28.232217
9.498880
10.131065
15.013665
49.375580
15.452599
33.134866
2.962569
22.106404
10.013943
22.381941
21.156456
7.211252
24.358169
5.054076
10.529887
24.425043
20.173171
8.661552
13.769991
28.490442
21.440112
16.244612
11.988791
30.643142
17.581220
35.150848
13.450904
14.376757
6.279100
26.468562
19.566675
25.831293
8.190703
15.468015
26.465931
12.899621
8.576760
18.243729
13.324372
43.018794
29.196266
7.656071
25.883904
8.515926
40.654727
27.703549
10.364660
11.659796
10.282179
19.533491
12.875172
20.827659
21.365096
37.079514
20.790415
7.231831
19.046875
21.414877
9.053796
11.544789
20.788810
18.431392
53.043487
11.051040
9.824139
7.535815
7.201415
34.787764
27.440941
23.068944
34.083986
2.808267
7.062588
21.460081
15.325293
13.585147
4.618491
14.122536
3.645297
38.481090
17.722199
21.298079
14.951095
7.170081
9.388126
25.243155
34.712249
23.018574
18.425280
7.389382
15.657333
34.774306
12.040826
46.846553
25.621346
13.585194
19.086882
16.042536
12.473907
23.909483
19.607752
9.088979
37.515745
33.278920
5.292867
32.918800
21.868766
13.000639
10.710777
14.775620
18.447075
21.323877
3.167120
419.763993
4.150609
13.951016
16.346000
20.854279
5.043667
24.937115
23.730355
19.389969
27.575980
21.190240
19.034019
14.299156
16.332624
28.286396
9.034320
4.429027
9.010348
43.896928
26.851474
2.979332
18.575790
44.290411
24.290932
28.700770
5.332848
28.563284
21.364843
16.902309
12.848646
25.301875
33.953379
20.299339
11.371305
16.051007
15.180239
8.000340
10.942873
32.004325
15.509026
11.493895
13.215410
19.435224
25.634419
14.980320
21.917307
14.470955
28.920892
21.738429
23.683653
22.984456
15.455807
11.639104
10.213412
7.436455
8.008860
39.592561
30.668076
27.244844
3.077796
13.939026
18.244500
39.284079
38.648212
21.512604
16.847455
15.609866
24.746634
4.736271
37.632652
29.942081
25.213460
15.294976
19.455060
8.808476
9.199543
26.794040
4.008660
10.945391
24.616953
20.966489
11.025222
11.257971
12.150809
13.149047
4.915618
16.388278
19.130264
24.755935
17.721788
15.814592
17.933616
22.806960
20.633097
11.420442
14.650009
16.739625
10.585381
10.858138
7.332644
13.828049
5.907834
20.253755
26.701785
19.579185
13.080940
23.385264
21.677658
24.893618
9.381669
27.585535
14.131675
22.313903
20.978944
15.417934
29.594325
26.967373
13.369292
14.655158
9.895117
19.394132
8.412678
28.060976
6.913380
23.103807
12.759400
27.364186
20.579967
18.059579
17.480244
10.085979
11.663574
8.258277
12.091742
6.297125
9.369543
10.567077
17.655094
17.839154
14.888733
18.366521
12.376444
10.428004
10.917579
26.513031
9.675665
28.771021
15.086582
7.688480
18.880732
25.002475
14.007680
13.440169
11.363107
16.213706
11.714199
10.606303
8.095185
16.619053
5.129010
12.225736
14.491231
16.700910
7.222687
18.457126
14.631451
5.533632
3.439005
9.948389
15.597294
10.402045
4.880554
11.686914
21.450091
18.451507
12.976050
14.828823
2.964484
14.435316
3.689212
32.599597
24.264564
9.876295
13.408242
7.747533
28.007896
19.199517
3.184980
12.985932
26.129296
18.867140
13.370546
8.518975
22.988512
6.375039
16.190341
14.703832
10.574351
21.115057
2.001459
4.709034
17.496995
15.382055
18.838195
5.742147
16.942853
27.929193
33.726408
18.043997
10.845432
11.517331
22.630465
9.946166
6.570161
8.300117
18.903300
17.542238
8.496139
20.383389
6.588085
21.790484
5.027242
9.711008
18.158172
11.409918
3.291222
8.379099
24.266986
10.102162
12.789850
17.345921
19.738878
7.106219
11.403880
5.646671
8.525631
13.078026
17.807984
12.578655
15.672235
4.009751
19.051062
28.873466
11.954984
15.605985
10.488501
26.189960
33.143098
18.036355
0.927988
12.877132
9.113707
18.107194
12.537849
5.650935
5.445280
11.139188
10.447978
19.657704
13.254912
22.004219
13.503167
7.100966
2.809733
7.983800
17.783068
7.055888
5.317997
14.606879
7.943749
6.414162
23.055187
12.757752
2.871505
20.335762
35.439993
18.397681
17.067138
10.004585
14.922409
9.457259
19.373437
16.457746
24.981021
13.173354
6.612745
9.299553
8.720712
8.095803
16.792321
20.017290
4.068122
16.938599
13.866855
24.342128
18.534747
14.721157
12.248560
10.441811
9.543652
16.186988
10.480511
9.944654
10.094791
15.058199
14.561117
2.611156
17.098595
14.348984
15.480268
9.947074
14.024967
4.728708
6.225369
21.970634
4.952852
9.906407
11.817326
5.912760
5.912429
9.234927
14.085625
8.972804
16.138556
14.735466
8.683064
23.422077
12.501118
11.394555
10.458442
11.195032
18.254261
15.865151
18.580138
14.243500
2.238401
10.027382
15.404105
16.962505
11.252020
14.915365
13.632719
12.033770
19.251717
21.738348
6.674611
27.506867
3.694863
13.331096
26.031160
9.861782
7.563090
12.947814
18.679894
11.784003
7.295305
19.275871
8.183270
16.495168
20.831070
11.308329
8.771564
36.377539
6.980947
16.079713
23.036398
12.657986
12.252544
15.635254
19.784854
9.741067
14.346759
7.199757
9.346113
23.013959
6.667651
21.715106
21.793626
29.908271
20.762857
27.666484
6.603084
25.352675
11.499644
4.433722
13.244136
18.649774
11.792410
3.169375
4.773925
5.805714
9.655874
17.292396
9.755129
8.569943
12.344839
13.988155
9.598326
3.565808
18.342521
11.887871
8.743444
2.781016
10.799698
25.538094
18.122904
10.628734
15.930056
15.068095
10.358817
7.859188
2.905727
10.116271
12.107296
7.239233
2.452268
3.236530
14.003421
11.200604
6.804210
2.646831
5.619370
4.661865
3.329148
20.093438
22.502248
11.022647
9.563647
5.785013
15.619592
9.605550
6.802579
7.673588
11.752330
15.304433
21.672142
9.156165
8.248654
12.834079
7.483765
21.174482
6.716068
11.966924
16.290462
5.138643
8.312488
9.950063
12.878319
12.373157
9.009573
13.316546
16.370264
8.941494
3.906466
9.616258
7.699391
18.154310
6.185145
10.773629
14.507955
11.745326
22.350948
14.208928
6.595209
10.708303
2.753156
15.005692
10.004036
6.264275
4.836125
6.172241
23.725014
17.286438
10.691646
11.609741
16.525334
9.512437
10.137953
3.376950
17.975719
7.505521
10.148577
17.048384
3.572940
1.689489
8.250820
7.624299
16.231095
3.500929
16.397713
7.195937
11.927374
7.329145
11.103172
14.321298
8.258583
15.476542
10.058963
7.253352
3.456454
11.544124
14.189357
7.858724
8.045938
7.004554
7.293847
15.901754
8.892499
10.948193
16.218283
2.630033
12.484637
14.645679
7.315115
17.423318
12.912227
15.542046
10.084241
9.251588
16.296199
10.438463
10.418517
8.785309
6.919418
10.840026
1.534825
13.134965
9.031299
17.520317
10.478525
13.175563
12.489042
11.068620
7.484506
15.100415
16.847197
12.554282
13.647549
14.229407
6.183604
1.037777
5.051563
5.950255
5.838926
9.175713
4.998831
12.031866
6.079902
9.742832
19.433792
8.712931
3.383911
21.476738
6.104732
9.951309
1.730356
14.384342
2.123346
6.828991
5.523637
10.284681
16.547324
24.931230
6.182982
16.237999
12.979405
9.616549
3.340720
8.689204
15.117634
10.178320
8.525220
8.615453
6.115584
6.123773
13.885388
11.963710
14.897134
12.680040
5.123437
22.572107
12.443950
6.226543
16.806362
16.447791
3.102779
3.181432
1.269435
9.149657
2.152737
4.135434
1.351366
10.073874
13.975252
3.171810
11.061737
17.210706
9.490171
20.115071
8.528400
39.618860
7.502727
7.800587
10.348496
21.867681
13.494781
14.991713
2.142869
7.795689
14.370830
0.507270
11.740276
12.103520
9.259119
9.984875
11.076398
8.198518
10.540989
19.660976
11.147846
12.833939
10.589087
4.006995
0.833313
1.982167
4.248248
13.666530
6.629858
10.047919
6.977648
9.078562
9.519774
14.280267
6.079589
1.356395
11.357405
7.096217
1.790314
26.499404
11.930277
9.479716
3.962251
8.696312
3.951121
23.167403
20.017578
5.527398
17.003292
8.431211
5.527491
5.939118
6.563081
14.419581
7.588754
5.094884
7.824085
20.614566
4.277556
11.473974
6.144912
7.173095
8.701550
5.854603
19.934648
9.382784
2.222109
9.158135
21.190507
8.380879
6.254034
28.674973
2.204720
2.869799
7.368124
12.973738
17.725025
6.179360
8.579045
11.885886
1.348151
9.821595
18.093936
3.218132
1.326477
5.266631
11.978780
23.070344
8.658227
2.333251
18.309848
13.182540
12.653303
13.507452
2.987358
10.875066
14.220488
10.685354
30.103106
12.535757
12.069510
16.157062
6.632673
11.490932
6.918723
19.076539
11.179528
15.435735
29.193590
181.790594
46.804362
14.444541
9.618361
17.285563
6.419115
9.075613
2.899522
10.358020
7.539407
5.006986
38.723132
13.480521
15.393444
12.188458
15.423175
9.767542
9.270866
6.373602
7.126173
0.741655
15.045775
9.046051
11.338954
10.795080
1.312947
27.011001
19.985599
16.548382
3.876968
10.624094
13.545059
14.306914
19.461661
16.528719
20.359912
8.520224
8.279473
9.578290
2.881271
9.520365
11.589562
12.345620
15.883988
6.184723
13.888223
10.848056
2.118688
6.509985
8.328290
14.749000
9.817398
8.342193
16.505329
12.208458
6.894402
18.183608
13.976379
9.524674
12.884090
7.702986
10.651541
11.237740
5.061760
5.938163
16.871485
4.224654
6.704693
12.197678
6.476409
2.958349
16.388244
19.025840
5.792837
14.087377
10.992055
5.100549
15.550517
19.268506
11.647870
4.181661
12.979160
7.719077
17.188988
9.179837
8.812787
8.694175
14.627677
15.201786
9.945264
13.949260
9.897175
26.258690
15.319781
13.278029
12.456716
13.875365
12.244570
13.801958
7.695748
8.765896
9.428566
1.187846
10.634430
18.089917
15.460358
9.256293
13.519943
26.943940
16.042045
14.224747
3.120671
13.223467
4.955241
11.925537
5.310549
2.412151
11.689060
4.465514
5.644821
10.477551
16.361479
10.551599
4.400891
1.838680
9.279064
15.751891
13.468209
8.211645
5.099667
11.570239
2.750726
6.614423
16.748780
14.492110
13.044292
10.150144
7.348302
4.027359
4.070842
18.464258
10.769806
9.858014
5.399922
13.879378
2.820363
11.985991
13.831096
1.061972
10.469082
2.840757
6.335151
17.440182
15.293663
23.881859
4.146653
4.961154
13.112962
5.105472
15.328713
1.404839
15.068885
9.112875
14.708495
10.467927
15.194443
19.308562
2.265910
7.447995
10.134115
8.300167
5.342627
12.214250
8.042366
11.362183
8.827061
11.590124
18.741826
6.796747
1.662274
9.651255
9.327872
11.017144
9.120534
9.212918
11.602543
2.013499
15.086720
9.201792
5.377997
4.985299
6.081023
12.591763
18.614625
12.130864
24.648544
9.191948
4.328735
12.420738
7.208113
5.482530
0.029014
10.424844
19.783299
5.541553
13.898603
15.727547
8.280222
12.746650
17.203555
15.939740
4.827439
6.832611
20.711994
14.285051
7.209671
16.461085
17.358732
12.214833
21.424840
5.792370
10.565781
4.144838
10.734893
11.368056
4.190816
4.851775
13.949639
10.220182
25.596707
1.830903
9.952305
7.048289
6.237323
14.183910
19.212226
7.947420
13.893203
19.288660
10.102919
14.733332
8.572154
19.996542
12.628616
5.146071
8.779035
4.061239
10.880661
2.757866
7.174293
7.212118
14.861012
14.231766
9.045631
16.067373
16.734754
16.790960
14.802297
14.015726
15.207236
15.606125
5.310649
24.504656
18.340332
22.718889
3.691087
12.964163
5.484071
9.646613
13.198089
8.811914
8.049702
8.976123
3.497240
9.522718
3.234313
5.696709
16.558030
7.148058
18.858160
12.356297
10.737223
7.335970
12.283615
11.912451
6.730028
4.461528
8.485518
4.396273
13.846065
12.142619
10.563469
0.966119
6.367691
1.515174
7.903568
11.832820
15.870270
8.424161
18.485526
3.528213
9.315259
11.823702
12.262031
12.714964
6.825395
8.201133
14.745826
6.170230
1.576748
6.485758
3.745922
11.512225
2.320019
12.339154
11.171124
8.401030
8.034401
10.115508
3.967269
6.455425
15.877773
9.078855
7.921550
21.108781
4.800621
10.092724
21.458345
24.185137
14.062644
5.399999
8.003313
14.540380
23.634898
11.955445
19.279680
10.232241
3.028170
18.527449
5.037154
10.282639
10.588221
2.421878
13.688159
7.864822
1.697446
2.746123
9.453228
17.837686
7.754558
8.220938
3.891327
16.756254
3.054070
14.283581
12.395980
13.692882
1.177215
13.105625
21.422269
14.386424
16.433081
13.975012
6.416556
9.116674
7.105519
8.312700
6.795614
14.867979
7.947948
7.510784
15.947885
2.070422
6.292281
7.640306
5.901720
15.341039
5.217474
10.347574
6.054012
8.768036
10.969427
5.993716
9.384275
11.949435
12.829385
3.179688
9.040798
5.771932
4.797025
8.154052
5.441258
14.322687
11.762535
1.721885
9.930609
13.923160
18.959545
10.050587
1.886434
11.863063
12.268337
9.094067
4.913153
10.574466
1.723653
8.292265
2.274293
6.984134
4.867976
3.855711
8.548868
3.167098
3.079437
12.401371
9.970689
4.484769
11.581324
7.544389
10.471563
24.709153
5.766314
4.924098
13.966307
6.739865
16.380328
7.328677
7.806525
5.121044
12.039916
14.432436
16.249336
10.162713
5.566492
7.427451
8.507292
10.599685
15.834457
16.706118
6.692388
17.396074
3.975500
9.001777
17.627784
7.792625
5.342148
6.038164
3.772919
19.648771
9.385475
12.626321
11.945810
9.496462
8.627419
15.879981
2.894257
7.641264
16.816402
14.663589
2.317495
4.563982
8.844830
2.832579
11.116440
11.408757
8.642762
8.839501
10.254957
9.115055
12.331582
5.480811
13.032109
12.433432
12.226155
7.062716
10.250716
15.219474
6.957799
11.296930
4.201259
13.288805
3.450294
15.728141
9.960464
0.094297
10.758883
12.838580
10.827084
15.601848
11.129250
6.198415
3.143842
25.386533
18.727079
2.587665
11.537647
13.288023
11.172959
13.260865
16.510628
4.353832
7.673919
14.165946
26.020746
7.732125
9.343521
6.154202
10.867759
10.906599
1.197095
13.493795
6.730764
6.125425
5.632458
7.020151
8.078501
9.433954
9.219141
4.113357
10.339171
11.741528
16.336685
9.562471
13.127085
14.307751
8.519038
10.429437
4.268147
6.608738
2.859062
3.841648
2.373188
10.079555
2.792508
9.150050
7.709683
17.702543
11.391701
6.135770
9.733338
23.554366
2.648380
12.156414
4.629317
6.901730
6.015799
11.086120
8.647611
15.273414
15.620858
15.982625
8.650395
2.671780
6.410761
9.698072
3.896724
15.961501
6.939646
5.285439
4.211024
10.479675
16.343379
10.352809
8.704234
10.349810
8.271302
12.076366
13.046900
8.738377
4.777667
21.180063
14.081213
4.495029
9.388570
11.931142
19.907729
13.906995
10.600841
20.943658
18.643851
9.239453
21.064791
9.722245
6.996549
8.989250
5.616268
15.020133
6.448760
17.600833
7.172805
16.117427
9.617513
8.760125
14.537740
6.258589
14.209688
15.650912
7.123950
19.460264
8.734586
63.052935
27.000155
10.578597
10.114395
8.600514
10.042266
4.787617
3.019228
8.663546
6.157275
2.313713
8.501932
11.230205
6.881228
15.873630
20.257200
8.639300
8.464299
24.772530
10.971997
3.047950
5.780361
11.599304
10.728321
15.548510
7.737987
7.546382
4.706865
2.055690
13.648442
9.564644
11.157234
8.178924
10.097825
4.606823
15.783269
15.869075
8.324020
3.134404
7.279092
2.461754
18.212655
10.597124
13.314296
3.013773
8.645330
5.943501
0.866559
3.482748
7.963721
11.962011
18.481191
9.468572
18.689441
12.459212
10.724481
9.059872
7.710980
11.742229
8.409275
10.619855
7.917786
12.702023
19.015151
6.370446
8.682240
10.947361
9.142694
2.820657
9.439185
15.996533
5.957574
13.194009
4.147398
14.820376
6.737181
12.666750
2.011389
9.837766
13.823263
10.190974
24.096722
8.254094
7.676163
6.170792
8.686807
8.399403
8.967226
10.520446
21.137464
14.708087
9.538891
4.025017
11.163314
8.701266
12.300961
15.091456
5.507734
6.973514
8.909360
8.270204
13.186892
7.879536
20.939919
10.653922
15.580881
1.691779
14.480436
13.400153
9.239833
15.353779
6.033700
12.790070
7.416913
11.010222
18.197530
8.143094
6.014584
15.104996
16.628607
11.446476
9.813038
6.831374
8.748547
8.441648
5.154306
7.582693
4.061282
14.939505
3.553503
7.357877
14.427939
10.527622
18.126649
7.497028
9.137424
7.504575
14.190143
18.603584
1.792453
2.176487
8.699346
9.156928
2.168303
6.251011
12.605952
14.017190
8.357447
10.589997
21.679928
19.690503
4.269771
8.829539
10.753948
13.188864
8.227209
9.816167
7.851057
8.027491
11.578618
6.756262
7.007729
13.364434
6.000686
12.516716
10.937188
1.784140
9.538212
9.489680
2.203813
8.373605
13.667462
1.560844
3.050724
3.709140
13.715185
2.044563
8.079891
18.589835
7.286753
7.681212
2.534710
13.638585
11.864026
14.897800
3.745691
12.102387
10.745605
17.355594
24.458965
16.447180
8.050877
7.471613
13.470028
9.755962
3.802054
4.884054
18.684937
13.438171
15.960435
7.815652
4.342578
8.730221
9.001304
11.181603
7.713929
13.403707
5.335024
13.492085
5.501311
11.363167
7.815842
20.785739
17.556164
10.762539
4.345011
10.959797
12.717258
17.078813
14.590463
1.459098
7.830462
12.023587
12.734933
5.001379
7.172298
9.724427
1.464092
10.012804
13.979108
15.268039
2.856719
12.854959
6.649213
7.646475
7.406473
8.242514
9.288714
8.923119
10.619481
13.701494
2.963085
13.257581
20.815480
9.386767
17.613559
12.847671
12.689230
20.893337
9.901459
12.967456
7.247355
10.543466
5.402314
19.534696
1.929429
16.297143
20.381673
3.998363
2.100462
9.636481
9.936295
7.825827
4.044953
17.159158
17.382401
19.673984
2.392478
8.253762
16.735950
13.107082
13.407513
7.491750
4.941067
12.877136
10.078981
10.530084
4.298606
15.127429
12.820529
12.897874
14.272777
6.723034
13.705789
12.810333
5.191281
12.193279
13.086384
9.959342
14.899861
5.062929
6.871019
17.529695
1.500473
8.743537
6.483812
12.716677
4.358094
2.502191
8.983484
7.184531
3.091777
2.450237
20.110242
5.992645
9.064709
14.334995
6.239163
9.356897
4.031465
13.951814
7.344102
13.411737
1.720667
16.777445
6.763228
9.469658
12.516299
4.823837
3.422802
4.241849
7.217372
8.679399
11.290086
18.640894
11.465932
19.795456
20.043587
28.043922
16.183705
8.202757
3.967705
11.293171
7.877360
4.430332
21.154691
7.410676
7.196382
12.885046
13.283536
16.038270
26.879845
3.609084
8.785838
3.219703
13.430848
8.565928
20.840404
8.813283
20.493924
2.033240
6.541764
3.865733
17.840521
6.200838
12.173729
14.485083
8.833694
8.525615
8.293229
3.862565
4.739748
10.814917
1.587096
11.641484
16.173599
5.876757
11.270798
8.138103
4.521161
9.424670
15.901715
3.429158
19.676596
5.866927
5.941016
11.578548
12.658972
13.825735
8.447129
10.194636
18.085347
7.915467
13.308233
13.211970
15.351455
8.212892
5.530102
7.846921
8.269478
17.293967
13.080329
20.125533
11.129995
9.120994
17.785737
1.834076
14.162686
4.391527
16.929681
5.673847
15.241646
14.328564
15.058500
5.003069
4.890006
6.475518
10.298373
10.868580
0.929636
6.311607
20.065991
12.555345
5.808571
5.713635
7.212017
26.610612
10.820618
33.986911
6.061820
17.244198
16.031286
15.869469
13.855355
19.155437
12.617309
14.727348
2.234468
7.449834
5.519000
4.300365
16.775018
5.674032
2.327211
12.746353
27.650953
24.534575
5.011688
6.496188
10.033664
14.109251
11.744283
6.419124
11.899356
13.703999
4.907250
7.617342
3.268431
19.015725
10.492771
19.422260
9.551322
8.793824
16.050566
14.715254
12.879288
3.386200
11.056768
4.174432
2.983994
8.874524
4.750698
18.095883
13.973127
16.527394
6.939201
0.353408
7.204962
4.936556
20.041349
10.764944
2.932826
19.695785
2.669013
5.071303
15.149770
19.413603
5.055075
15.354502
18.463917
5.756635
13.793938
4.761638
7.548393
6.204624
14.089616
11.506502
11.763015
11.585691
11.101621
27.465718
13.940664
4.692185
12.283010
9.552939
16.577983
13.583137
8.979850
13.103017
9.870345
3.875466
12.185416
14.479338
9.083805
10.270049
19.965212
20.846665
14.934121
2.292309
19.863467
12.248174
16.828145
26.346396
8.648229
14.157975
3.505510
16.208737
18.216935
19.364374
9.868346
13.338121
17.078931
6.946035
20.392667
8.641106
29.200765
81.326478
13.434700
18.145648
8.854844
18.153470
9.337193
15.281042
8.186709
1.554425
8.579247
13.079822
8.513957
9.952395
13.263650
13.936715
5.478817
4.502950
12.462051
7.609987
15.932073
24.098508
6.439666
4.378575
19.185938
9.806844
21.713361
19.148719
10.237909
9.915813
17.196743
21.507217
18.608147
12.113400
14.304037
10.103697
8.400837
22.879625
11.600363
9.721103
12.213124
10.162569
12.207723
4.466014
8.240186
25.099349
12.477489
7.526698
6.886979
10.689856
5.770692
10.484094
17.841260
7.686089
22.105052
11.996476
15.916195
3.459932
9.464665
19.725176
11.556842
11.964889
23.717803
10.221276
15.236214
16.466885
8.357531
20.554120
12.791980
7.791950
15.363739
10.857655
4.836202
29.443662
4.363116
71.804389
11.787183
6.318952
11.106849
3.187689
18.156459
10.353696
2.663770
10.259636
14.280948
17.321819
8.969014
1.194766
5.818762
11.753013
20.773589
21.402268
16.525001
45.027440
17.100224
13.743158
10.294788
16.244880
9.650872
7.852963
7.130595
11.190334
9.207750
23.845913
16.053372
18.164704
7.885836
21.020782
8.252620
11.290423
10.900148
16.692737
17.405034
33.912688
2.580265
28.445639
8.452648
11.486642
23.808210
16.619421
15.449442
2.093651
17.667714
10.354624
8.485317
11.172067
10.291868
8.503046
6.835699
23.247503
30.653392
15.912885
2.455470
3.959258
34.516855
10.037180
9.301107
8.302526
23.813257
22.923145
17.204206
4.574490
6.742066
9.624008
8.193352
23.014997
9.514132
29.687081
5.891730
10.326252
12.025806
13.862219
4.011114
7.383764
2.312782
7.234850
24.723303
19.895145
17.518302
0.382864
6.343580
22.707266
8.398921
14.228184
10.016529
7.737960
23.815617
9.702678
17.799644
6.879621
12.643610
9.888534
12.494065
18.599666
1.000186
4.178389
17.235716
16.101521
5.974886
20.422546
7.923744
9.389396
12.854430
7.820593
10.942526
26.678773
7.469536
5.139595
13.090247
5.156390
17.455588
9.784482
11.568191
11.958608
16.567716
10.536138
8.455282
9.110551
5.490608
11.363265
33.586914
27.490296
4.896507
14.120431
23.057310
13.158802
10.268947
17.960121
17.530788
16.884623
16.603310
12.903314
5.942392
12.136445
22.218222
14.352723
20.369986
25.134647
10.798117
23.834983
8.496897
19.335907
15.116362
8.721913
12.863796
10.045665
6.684925
18.778629
12.965425
7.953115
26.672194
6.593672
17.075101
7.563303
6.673560
6.398769
19.216822
8.636214
8.342388
9.272354
11.184278
20.278365
6.514499
9.589185
12.825389
8.903370
4.447131
21.394186
7.868473
11.736941
6.149740
18.768466
24.866635
10.545240
14.760220
4.560203
14.597117
23.639116
21.675790
6.016440
14.803658
11.082671
13.631533
11.703850
17.797295
19.536254
8.454038
5.327226
1.918772
14.190518
17.069140
2.353002
27.513708
6.214221
22.005179
9.310581
9.815738
15.291422
14.157765
24.999231
5.279271
14.705137
14.154519
22.460038
19.590098
8.798352
16.369132
20.786522
17.278277
29.290795
25.706513
38.021344
20.082471
28.059540
9.992667
29.274950
9.908746
3.816844
11.914585
14.636862
14.851502
7.349358
11.973653
10.403321
2.710274
20.490992
18.796092
31.143130
19.337311
6.039546
21.049752
21.263788
12.389415
23.191883
1.235190
19.000062
27.587449
23.464381
12.391943
16.120303
14.099785
18.451188
21.186312
16.465293
29.009915
11.525721
12.225854
22.281107
14.300635
15.964501
6.823956
10.220227
15.237488
19.523529
10.914007
33.704380
20.326862
13.571046
16.104570
19.034254
3.490658
6.583182
17.305168
6.125207
9.426609
15.304360
9.942654
5.437949
17.233429
7.628962
3.248196
16.150908
11.125576
15.561267
15.022467
2.333526
6.450744
7.568211
8.437117
4.245178
10.372423
16.717503
3.533929
22.771782
23.719374
3.564848
15.701115
4.560446
11.904673
18.883452
7.027449
19.650872
12.580539
4.799518
19.430155
13.495942
8.544928
13.066627
3.540905
5.696075
12.336768
12.859945
11.541926
28.263931
21.902879
15.216172
21.078975
21.791424
27.015276
6.872196
14.615531
3.910386
12.660278
28.127082
28.805022
23.733470
15.680146
33.662673
7.808526
20.717196
22.265709
17.598464
14.952703
22.776538
6.678220
42.025580
4.436698
23.581524
16.895236
24.179480
6.323332
36.914890
28.161028
16.194689
15.925466
20.601034
15.625612
14.614092
27.168043
11.042264
8.242242
13.745202
40.007187
1.099476
22.410274
29.567703
19.293744
10.025406
6.391821
2.169526
7.192176
27.074307
21.082151
12.888681
5.153427
24.757501
4.260746
19.972501
10.329669
10.035782
24.293873
4.113828
13.968337
26.417225
22.736099
6.401265
7.915298
23.056935
15.677344
27.457523
21.886821
32.329192
19.040392
16.482045
11.412241
7.888793
1.311220
13.274229
34.132923
18.745712
8.454740
18.228130
21.951543
9.749132
17.434574
22.754339
22.468955
9.874024
5.793790
32.161381
12.336972
19.149319
10.886413
8.114895
41.186350
25.518964
41.508378
33.478842
23.487014
32.953285
4.078027
22.932071
19.857210
16.464535
21.524326
17.841574
40.791669
16.902707
11.624551
6.673741
11.820056
19.096385
26.945900
23.863902
2.433647
21.237116
11.973063
28.334854
14.750487
31.665347
18.961882
35.707812
24.100132
14.782846
11.844904
32.105098
24.056522
44.008320
10.764502
37.239020
94.944024
124.527129
15.140613
42.761551
20.151685
10.415279
36.586085
33.305321
59.454036
28.393295
29.397801
28.074903
11.504846
10.133988
20.760881
13.531600
56.637024
14.063777
11.507565
21.653269
9.365855
26.346431
18.275734
16.111607
30.747334
10.768723
30.426659
31.040491
33.310094
15.964412
23.637421
26.376064
12.729230
25.751279
12.337271
23.662502
30.349665
52.036302
4.543134
23.918317
21.021101
21.084295
2.133337
34.109839
34.314887
20.898110
7.298297
19.296591
13.343070
16.209449
28.502789
17.033976
8.000123
0.573218
10.377334
19.021791
42.860726
1.791026
9.515712
15.979865
13.657687
14.193070
17.565632
16.322698
2.193324
11.120989
11.197916
14.984381
9.226535
23.115861
34.032323
11.626944
17.410847
17.430700
9.793038
38.137094
6.709432
25.905209
13.079604
29.478112
30.350770
12.308728
6.786122
12.577322
5.637182
0.574202
18.301367
13.144589
25.384348
8.444337
19.235462
79.812188
3.413098
43.126273
44.741904
50.853526
31.225181
2.730937
28.585562
12.765959
12.661277
8.518546
16.501391
39.491170
4.608547
22.884294
13.621742
14.739471
31.986999
201.307229
19.669295
51.771764
13.282954
8.344124
5.113443
10.363839
29.933742
20.263097
20.984535
23.386954
14.053481
9.990322
19.078399
33.027787
8.613188
27.542574
21.844122
18.574882
29.744915
28.974106
36.248352
16.662785
20.415045
8.898623
34.058822
17.283683
16.551589
26.066666
37.531514
39.110938
28.814234
30.167765
20.507468
29.194999
17.285829
19.268493
36.909199
23.545169
10.942406
9.643758
9.274449
29.953844
5.008901
40.767949
10.593218
48.276402
17.177128
30.022717
29.664080
27.197533
19.702670
28.899624
11.986237
31.338863
21.820686
55.435675
8.163978
9.001729
43.120965
32.753867
17.739255
0.978146
23.519399
17.944260
7.029781
45.073064
17.486212
24.385965
15.915244
23.920499
23.395188
23.240390
19.536186
12.253908
20.207217
29.419260
30.019255
12.556651
20.634585
22.482055
13.373518
24.351675
30.894129
11.280886
26.314366
18.360419
8.745889
14.920921
14.530436
35.875213
12.677600
15.974618
27.594754
15.044531
31.109167
25.881725
58.642644
13.704760
12.748723
43.330423
21.217353
34.816979
26.846193
32.044745
2.296857
22.679282
23.239366
13.605532
15.362458
37.201402
49.958256
18.661292
2.353149
32.978000
38.536279
18.343917
25.173321
3.983726
34.230694
17.540323
11.525069
46.742203
11.076003
32.764762
28.828893
24.624656
32.699608
42.190337
14.412828
20.475250
36.738062
15.178670
14.419382
27.964603
27.744690
25.199892
29.862641
50.907285
33.448935
7.761334
25.550460
52.867760
24.223218
38.211142
26.435372
21.370585
27.177685
1.143910
30.306788
27.370562
42.066322
20.690884
11.158480
41.419560
29.491655
43.390708
33.545705
52.844056
20.626926
55.543911
36.432771
22.205939
51.235501
34.552129
12.276798
28.374102
8.177781
2.143272
7.511904
37.181581
12.924675
30.259806
27.720259
29.873115
57.907606
11.322328
23.619776
12.842216
13.500764
14.705443
25.986512
48.333587
47.549508
47.004752
8.947034
25.961016
36.756018
8.626815
31.478020
18.209014
70.881665
26.089125
36.739523
22.020970
18.127408
53.226986
38.298303
29.501686
50.698715
14.670540
38.527420
27.868678
60.025779
27.950709
13.126881
11.920961
35.699648
40.082734
2.562473
30.311132
14.563977
31.536859
23.457937
45.109708
7.420947
39.780192
49.999499
22.568387
19.216284
18.846640
28.566295
59.126797
35.880562
12.995434
30.631581
57.697665
31.076989
23.392002
75.093556
58.362493
18.916045
21.123850
34.515177
31.964302
25.313895
42.524257
21.580883
29.047682
39.390045
14.254008
19.013629
55.810101
26.050723
40.244576
13.440157
22.282061
47.970395
31.596281
8.851575
45.725828
54.399614
35.448751
48.959417
45.587680
26.495480
42.138706
17.736351
10.845159
20.188347
21.234803
46.598346
44.116527
9.524866
3.654750
37.112592
31.283276
50.711668
25.903280
18.820030
3.624305
41.423654
43.387081
26.255958
33.911101
27.387954
34.582550
18.309838
16.938439
16.342373
21.383556
28.649425
30.123860
14.293874
39.734725
30.034933
27.314001
14.101227
33.386102
52.766413
25.786440
25.479008
21.319249
25.323618
6.113854
58.580860
39.541017
53.408078
21.467938
17.668164
36.453494
29.220926
20.950773
30.082658
62.546163
53.964159
61.678586
15.403842
28.766453
45.119180
23.791588
53.281448
12.149518
0.319433
18.043777
38.837086
16.380988
13.586094
58.922185
27.143038
16.865310
38.381470
28.677728
49.623641
38.313928
73.387365
31.610583
26.902295
41.806188
55.141438
31.354862
37.829505
49.334552
44.262495
39.343535
56.171576
22.287316
18.950059
52.555238
11.197934
39.417132
52.435062
22.137188
33.167558
33.319137
34.607351
2.978492
39.478441
22.809644
10.237169
19.573741
52.994389
52.526995
35.791687
12.947222
11.518671
14.327484
31.569307
81.562002
13.139429
42.494281
22.524513
47.736112
29.138580
43.713487
39.891016
19.223017
36.577210
11.799090
13.963928
37.334826
11.126755
6.149920
60.610580
15.469772
20.668854
35.507774
62.208115
18.335607
19.810870
10.954368
37.952846
50.838273
19.375460
68.795811
52.886597
11.996395
20.202089
7.553762
27.220284
55.408209
3.319048
45.838171
25.266264
59.618250
14.756247
32.243718
24.281721
39.652229
54.045906
20.940471
26.926499
43.508829
23.817688
14.218294
44.091767
15.588435
64.999434
46.721294
20.565318
53.933911
27.956267
33.945915
15.328725
49.728172
57.816958
40.268584
43.306467
9.842336
14.943536
52.435768
4.855520
43.105883
13.043612
28.750344
60.057005
47.763400
46.092800
38.549923
51.524192
18.462047
44.968505
30.525944
36.425591
49.765299
69.384289
28.241823
15.857851
34.279996
59.152637
20.010143
27.449021
56.632268
54.443023
7.600133
5.166838
47.503637
37.274016
33.299641
21.097068
41.190101
79.856719
68.166020
20.615939
27.811004
39.345722
34.144736
47.544029
41.381638
8.242029
60.001767
12.516705
28.651707
43.734375
17.659430
26.446095
66.092200
21.745393
33.107202
51.515069
29.329557
25.848147
40.019569
62.053881
66.359806
6.574821
28.865960
37.296449
19.007276
22.734073
14.404513
48.272397
70.746730
52.443310
14.845419
17.565251
49.340087
27.520327
52.777178
33.136923
43.556740
25.894956
39.007910
31.455882
60.343497
27.507140
46.839742
16.698291
25.083276
28.560253
48.360282
17.587951
59.443841
40.279072
16.456944
38.204680
50.400469
58.158322
45.056734
69.431584
45.803549
79.494886
31.876568
52.783270
42.230314
23.926292
53.733236
37.510419
50.282568
16.455780
27.991156
39.110631
28.880029
43.589786
36.147971
28.312358
72.138596
18.817515
8.145962
16.901731
23.979173
71.805539
26.205596
24.283470
17.674563
34.952136
53.582436
8.347099
67.337028
54.441886
78.496472
43.268756
31.257186
55.323321
58.258392
25.424922
31.585998
26.011930
25.156714
81.153753
67.235667
43.424359
23.572655
69.947825
11.407010
17.079579
55.927535
37.023004
24.871751
59.955870
48.882387
62.015009
44.345189
40.850166
54.225994
16.835727
47.980038
48.152550
67.726767
29.953650
58.285094
48.158633
47.806005
7.993215
52.346460
89.574172
48.328570
47.808357
12.947045
24.989141
46.630410
61.472908
41.746496
59.933908
7.520565
13.965192
27.434639
45.747929
21.365853
48.337953
40.298118
57.794707
3.443376
47.523873
41.078273
24.536331
45.199067
26.134950
6.815744
28.460652
150.798662
42.923124
51.701071
68.865831
41.640193
21.093196
58.571140
31.416659
53.976927
66.239881
69.526321
76.434859
14.689104
35.081903
23.009657
79.448672
28.380655
33.834475
48.104980
65.387289
56.157841
50.988968
36.175623
39.977860
36.067799
63.815974
94.026146
98.324884
57.394111
57.002412
38.407961
61.263728
47.635217
50.611431
73.361632
58.738003
50.411975
77.238068
16.310897
35.904868
46.976240
37.642134
21.986946
82.042142
21.128822
3.267646
32.668280
6.010324
13.004989
22.906823
52.271288
31.092855
74.618030
41.711539
51.366942
75.171922
55.912972
49.077991
25.927059
57.650464
40.495416
24.923471
20.761224
22.712040
64.815728
19.076620
38.997584
33.005104
35.248335
73.800229
47.676085
26.397571
84.179966
38.262599
53.457118
18.467038
10.283595
23.991535
34.071141
26.813727
30.646311
59.572974
59.301808
17.065735
52.617130
17.074813
44.620839
43.766391
41.055785
32.491872
29.716683
19.945318
90.183755
23.541908
56.742028
9.793472
61.489747
51.069718
35.681942
31.588864
35.668250
40.757165
5.207612
37.930326
16.746719
56.890675
24.523534
10.566968
106.699107
33.139828
52.392592
37.764869
29.591283
44.629282
36.906024
46.391592
7.491022
37.150190
46.262419
17.355560
67.735304
13.346532
39.654480
12.064575
31.860581
35.703020
12.137263
49.094143
101.593665
93.654184
72.065525
38.578980
33.282424
35.300409
78.550231
63.489262
18.444800
33.974855
105.605414
47.901848
2.175157
37.988800
60.193657
13.463288
24.998463
54.585115
54.167519
27.897749
38.213263
13.911000
38.003704
41.219699
30.736835
56.264852
51.111225
19.898300
20.422045
37.370884
55.940239
23.989317
33.846137
73.082343
32.580046
33.032306
79.549435
54.866051
41.509249
51.293055
64.519947
90.373167
61.412520
79.243559
27.567093
37.844627
74.187777
27.748589
30.868193
24.969327
34.686460
42.852061
54.366344
46.938944
20.166299
66.977099
32.441982
27.125614
35.091436
67.912081
65.148616
17.954523
57.588985
72.173998
28.653173
9.586335
37.703916
35.016435
32.270895
11.660443
70.204403
44.042055
59.916561
34.250492
67.940947
46.594978
5.310796
47.880655
40.189740
11.401596
92.159374
46.397977
53.580840
63.125675
94.198549
15.379787
51.401136
69.471288
17.628893
32.656661
55.439474
39.610083
84.611196
62.819450
26.276077
71.562298
51.044925
43.789072
55.572269
33.659140
39.655676
83.464217
40.120655
16.704010
52.631607
43.872098
65.996319
67.128280
37.383608
44.747741
50.452107
54.108235
51.894764
45.567493
31.458523
65.590307
47.936919
47.931739
16.240181
53.057474
43.242116
52.776185
41.388436
7.846999
65.993943
71.119650
81.629686
24.648039
32.273218
64.197046
63.900858
66.537653
26.684562
12.451353
28.247111
41.257750
92.352666
45.134250
68.186227
48.403644
86.177916
52.627791
66.856429
112.079166
51.108681
38.311637
70.557632
8.375370
6.864459
29.498350
55.568323
31.947306
57.732871
18.105305
39.435880
74.490291
36.324247
39.312376
45.381065
21.236470
61.759386
52.816175
52.942790
44.390328
28.833003
16.102735
42.327510
44.572461
45.768532
31.531371
40.518958
72.115073
61.704552
29.810848
37.129589
47.809860
90.713132
50.583513
12.804731
47.437481
58.300398
30.904583
80.628308
31.213256
103.609154
35.539915
23.625674
87.250706
130.359823
77.877479
38.607077
21.315783
22.382247
62.289790
82.520251
57.706256
15.967686
71.908706
54.948672
16.341466
27.996680
60.478166
122.728285
51.125798
34.923468
33.555462
81.081144
33.841199
16.903584
109.435104
77.755484
52.753169
32.646616
44.338325
22.238460
20.300817
67.478307
24.447423
67.839016
17.035771
83.999567
93.118321
60.520185
40.852471
42.101588
21.706726
19.556775
23.831380
40.495265
53.375236
37.744941
103.500862
58.910359
44.460558
67.093432
48.152870
33.387811
36.892320
22.520646
52.985455
19.445629
13.067480
51.449390
25.592551
34.019193
33.178894
61.211075
77.558460
88.927756
38.944266
58.892519
84.427522
37.019786
42.816378
34.800023
41.173835
58.462117
52.918214
46.488672
56.866373
37.786399
14.129695
38.659390
17.498731
14.776144
12.864355
45.153495
53.673933
47.981608
42.954765
39.970211
48.761248
18.889766
86.128481
16.605394
78.954115
48.338381
47.852559
29.410668
11.979367
129.319822
39.056897
64.842745
76.953836
56.755813
64.192247
83.285178
80.594187
24.210838
86.132591
27.980462
88.991734
61.487681
70.012320
49.686714
14.074279
6.977414
25.596090
58.116166
73.148893
24.859852
73.835062
38.046615
43.839491
59.165451
117.695707
49.583460
42.309381
39.037349
86.477669
56.939190
63.573998
28.849629
88.411593
13.862807
51.301665
27.452791
37.257747
53.359222
27.397500
92.283744
37.102292
57.686248
24.061519
10.227088
48.985719
20.478242
35.268273
56.648379
69.345035
16.385870
10.779194
101.016949
73.714887
69.906474
56.616012
51.532561
36.563380
123.045823
82.972001
22.997844
65.253864
49.829261
52.430338
7.909804
55.296776
48.253747
37.462455
12.424783
10.552174
60.806555
77.732037
90.837127
96.115825
30.549130
44.288627
34.727068
31.271542
68.681671
79.337147
72.406901
76.075602
65.391284
71.394280
84.448956
78.106580
22.409906
19.907331
38.995805
48.216258
57.295306
86.461880
19.780693
62.695033
76.062830
69.403344
20.842071
63.727579
32.621545
55.369152
45.623213
47.252971
83.648863
29.568680
51.481423
35.553091
55.823636
98.749531
36.471288
63.165233
45.088114
90.381049
39.705361
55.457756
44.774642
54.631756
25.191068
44.609046
33.584845
36.247385
66.357302
12.119063
9.528881
13.029130
16.666644
55.805975
49.684556
85.840177
43.439536
15.724249
27.128001
84.922745
28.205772
25.167740
17.679620
71.432197
66.591274
17.258792
62.155814
39.546840
30.235774
39.116432
47.300986
6.197788
34.978118
39.534958
77.934467
41.096382
68.963509
28.624415
76.568982
111.118340
22.486083
9.279265
72.012350
11.568289
50.561729
42.580872
23.137656
53.469688
49.882502
67.792674
53.173582
76.430542
35.204717
17.013801
22.499163
53.106199
9.658706
34.173891
7.336472
48.588198
55.363997
55.393517
69.660416
30.431942
74.336259
35.396943
80.987072
38.102556
89.144434
25.020980
68.341278
19.024857
75.268807
63.055902
46.981779
49.964962
64.530160
46.413389
34.831840
11.908224
94.881385
48.116012
67.268620
64.354893
26.582489
83.051820
61.081184
22.701823
37.451270
7.800663
10.993065
19.084471
50.730621
55.454643
38.824797
47.383485
67.173898
22.277918
30.004823
105.710463
43.092659
46.794085
76.729758
39.120725
65.231055
33.916711
35.766522
13.951168
40.986124
47.535115
49.661309
35.506674
110.462313
11.789898
28.977661
65.907653
19.025027
56.307600
69.441787
132.360884
33.513764
54.678240
29.731618
11.593670
54.559195
53.036895
153.848824
45.950271
50.754744
22.029238
88.309964
72.805119
49.800625
15.698867
42.605712
53.973878
14.985172
68.768779
70.694962
63.401915
86.060238
65.094602
35.268956
30.581190
43.186279
76.548448
47.159621
46.524734
50.052809
60.280967
97.733624
16.922848
67.749085
19.315639
88.913511
36.111577
74.388566
97.519608
114.739490
79.125712
63.793846
44.955921
73.303694
14.221111
65.984327
57.233306
126.923634
53.429942
30.906144
51.245411
180.482372
49.047768
52.163534
55.652673
50.737559
57.825789
27.346263
43.227719
45.610129
67.919520
23.732858
56.045807
76.203068
44.480254
22.425270
51.712865
42.740632
36.011085
0.455145
0.596822
0.845511
0.992996
0.952194
0.821344
0.604272
1.000000
0.988426
0.569054
0.481676
0.171090
0.626398
0.711897
0.812504
0.855631
0.889027
0.895659
0.538883
0.687525
0.203159
0.529999
0.103617
0.535787
0.662097
0.814518
0.881906
0.938875
0.956525
0.678319
0.758148
0.946233
0.994602
0.847575
0.535468
0.625230
0.825084
0.910440
0.975808
0.992061
0.804669
0.917588
0.584144
0.709645
0.229629
0.530954
0.090396
0.321290
0.495239
0.711338
0.812336
0.906133
0.970863
0.720775
0.781205
0.331610
0.548297
0.077216
0.438777
0.616767
0.830131
0.919614
0.984296
0.997469
0.840354
0.851252
0.455070
0.585877
0.107086
0.391213
0.601999
0.850355
0.947049
0.999143
0.994922
0.931716
0.913243
0.588477
0.640185
0.177216
0.371112
0.082144
0.375962
0.584325
0.823854
0.920250
0.986327
0.975472
0.998596
0.934278
0.996412
0.884606
0.999990
0.990129
0.928164
0.833471
0.593725
0.383384
0.085128
0.370663
0.495306
0.996234
0.996695
0.496711
0.370863
0.091464
0.396573
0.609751
0.849136
0.940533
0.995102
0.973095
0.959858
0.981676
0.991265
0.939880
0.953107
0.987026
0.940824
0.968834
0.959197
0.952899
0.907761
0.867766
0.800548
0.452989
0.435650
0.240343
0.373642
0.617838
0.893707
0.982721
0.983439
0.929402
0.999477
0.982795
0.796140
0.751665
0.360833
0.676862
0.861908
0.996327
0.982305
0.868242
0.858019
0.984574
0.999281
0.897048
0.823146
0.794602
0.984948
0.882317
0.579499
0.131248
0.198793
0.529970
0.919459
0.997783
0.768777
0.686620
0.638705
0.531334
0.564462
0.641073
0.979316
0.992484
0.705383
0.615060
0.671451
0.984201
0.998903
0.716190
0.621414
0.814169
0.989567
0.990647
0.996018
0.716283
0.813414
0.671156
0.553049
0.623210
0.985927
0.999647
0.664958
0.558978
0.772669
0.978847
0.992505
0.828768
0.644255
0.798884
0.954395
0.982458
0.847470
0.959472
0.749095
0.720918
0.818777
0.998926
0.967017
1.000000
0.978633
0.990530
0.977873
0.989351
0.908710
0.747989
0.891456
0.999764
0.955573
0.709954
0.720211
0.817119
0.721482
0.809141
0.634477
0.537480
0.628844
0.905085
0.639451
0.896381
0.660540
0.412135
0.392681
0.524645
0.627613
0.884263
0.962389
0.995126
0.977090
0.986506
0.794936
0.864619
0.523973
0.628847
0.705038
0.859038
0.869493
0.980488
0.992949
0.907410
0.991933
0.932890
0.983915
0.756817
0.798206
0.866421
0.930170
0.612236
0.643702
0.678935
0.931512
0.961588
0.985336
0.880158
0.975852
0.973386
0.855160
0.677041
0.431023
0.441876
0.291464
0.411366
0.202662
0.359411
0.111806
0.314678
0.471068
0.669592
0.765789
0.861201
0.948367
0.656558
0.829057
0.844377
0.980653
0.993967
0.884892
0.998043
0.951805
0.987982
0.757669
0.775442
0.835240
0.906890
0.561542
0.698505
0.215978
0.530194
0.096474
0.318268
0.486625
0.902710
0.642592
0.891690
0.828875
0.834175
0.709288
0.958164
0.985798
0.918183
0.779272
0.953544
0.784048
0.885141
0.991577
0.986931
0.981774
0.975887
0.979818
0.925666
0.996211
0.999173
0.956047
0.870207
0.632840
0.416673
0.103153
0.582198
0.444665
0.845861
0.831693
0.996397
0.969303
0.891357
0.790810
0.554342
0.354026
0.076677
0.546131
0.662545
0.737649
0.714898
0.709948
0.593558
0.623076
0.884066
0.597804
0.888259
0.597595
0.529948
0.222701
0.511539
0.632755
0.996174
0.996328
0.495512
0.524684
0.739968
0.947843
0.997042
0.976475
0.955904
0.991260
0.967486
0.739254
0.717383
0.300189
0.384535
0.136044
0.462030
0.680666
0.908773
0.980362
0.997110
0.994051
0.852001
0.919303
0.904536
0.875728
0.985405
0.973984
0.898924
0.819878
0.988084
0.901785
0.786171
0.927297
0.858579
0.571480
0.492728
0.340125
0.660039
0.849754
0.993752
0.987249
0.883693
0.870719
0.989844
0.998098
0.882794
0.811904
0.475362
0.445353
0.258018
0.588948
0.794846
0.975423
0.999277
0.846644
0.995457
0.981139
0.803077
0.779081
0.806565
0.960056
0.900972
0.857412
0.928369
0.696900
0.600092
0.148405
0.536104
0.156559
0.640796
0.437684
0.839264
0.847718
0.839503
0.816487
0.753186
0.695562
0.241397
0.562873
0.644813
0.849130
0.741980
0.868067
0.786236
0.763014
0.836302
0.600445
0.854812
0.577456
0.462820
0.133840
0.548577
0.399562
0.588064
0.871958
0.985903
0.911829
0.751396
0.562158
0.999761
0.996356
0.566491
0.459279
0.123220
0.572240
0.268228
0.355178
0.430383
0.528883
0.579002
0.640048
0.818656
0.404798
0.626456
0.145315
0.540642
0.167679
0.622609
0.709712
0.812416
0.856606
0.891214
0.898515
0.544550
0.690254
0.206284
0.529995
0.101732
0.532400
0.660347
0.814781
0.883022
0.940628
0.958463
0.683708
0.761031
0.300435
0.541295
0.076545
0.456469
0.142445
0.315477
0.212224
0.716985
0.911994
0.967624
0.739323
0.511560
0.625358
0.999953
0.987493
0.587441
0.506175
0.647126
0.817372
0.892055
0.953869
0.972464
0.725966
0.784081
0.796855
0.982478
0.886267
0.997315
0.886245
0.923617
0.981949
0.999221
0.970007
0.759224
0.653001
0.460296
0.587758
0.109150
0.389860
0.601791
0.851287
0.948083
0.999355
0.994208
0.934652
0.983700
0.766416
0.806948
0.374151
0.627163
0.664759
0.940152
0.692773
0.940817
0.673738
0.455165
0.130594
0.382353
0.290548
0.711750
0.729365
0.964498
0.988929
0.925566
0.830282
0.590572
0.380868
0.084065
0.370765
0.184393
0.645109
0.599208
0.917674
0.966994
0.957698
0.988651
0.972743
0.978391
0.999978
0.995891
0.974419
0.961251
0.980802
0.991862
0.938207
0.951364
0.976907
0.903363
0.804192
0.566069
0.362270
0.078033
0.373286
0.495171
0.995347
0.997464
0.501611
0.374201
0.618831
0.894850
0.983381
0.982448
0.926946
0.999712
0.983861
0.800668
0.970521
0.863642
0.995688
0.993715
0.960660
0.878787
0.820510
0.963494
0.799302
0.758986
0.897351
0.825936
0.797049
0.985568
0.881031
0.576840
0.127899
0.195812
0.530075
0.917619
0.912379
0.938817
0.886962
0.835536
0.777607
0.408911
0.418072
0.665860
0.932493
0.998145
0.935508
0.965633
0.998987
0.915271
0.989829
0.838624
0.822144
0.835748
0.967725
0.859277
0.954237
0.884861
0.736595
0.898313
0.986625
0.982652
0.910429
0.687773
0.562524
0.775094
0.979570
0.892650
0.725261
0.216148
0.326856
0.192696
0.547470
0.135051
0.610681
0.367358
0.403768
0.439683
0.889809
0.712007
0.867593
0.977464
0.989640
0.976154
0.990192
0.938870
0.953007
0.982325
0.928718
0.913036
0.984948
0.984981
0.996550
0.720823
0.815347
0.656910
0.557234
0.127176
0.594052
0.326126
0.382324
0.433927
0.499288
0.530846
0.754760
0.853327
0.659758
0.937299
0.967120
0.989324
0.861660
0.794514
0.866375
0.528708
0.633043
0.710310
0.862245
0.476727
0.710983
0.259114
0.568999
0.123484
0.459086
0.142081
0.778443
0.548246
0.757565
0.720162
0.963289
0.835049
0.727476
0.822793
0.636451
0.544344
0.181651
0.323670
0.438987
0.589943
0.666691
0.751485
0.886901
0.521885
0.679411
0.194111
0.530225
0.109661
0.314947
0.219591
0.713623
0.928303
0.955573
0.709954
0.720211
0.744159
0.968935
0.992324
0.953912
0.974657
0.997568
0.949842
0.987556
0.757502
0.777966
0.838819
0.909616
0.567200
0.701276
0.219314
0.530331
0.094854
0.318947
0.488727
0.903162
0.642568
0.892320
0.826261
0.831106
0.704212
0.956507
0.984576
0.916155
0.778415
0.954215
0.787434
0.888266
0.990765
0.987044
0.882531
0.869484
0.880821
0.786980
0.980563
0.998799
0.953963
0.867263
0.629501
0.413689
0.507699
0.651272
0.585021
0.645006
0.632940
0.166859
0.498028
0.715533
0.932890
0.991933
0.987344
0.968690
0.982960
0.926708
0.938514
0.968587
0.968334
0.999840
0.800976
0.724590
0.934133
0.790589
0.952154
0.999902
0.990887
0.996742
0.986044
0.982298
0.985343
0.989268
0.972186
0.906985
0.840283
0.988460
0.882681
0.934205
0.994285
0.968935
0.744159
0.720211
0.305063
0.385694
0.634174
0.909804
0.990873
0.967144
0.891851
0.996442
0.994678
0.856009
0.791974
0.436340
0.428767
0.227555
0.560362
0.771092
0.964534
0.999925
0.957766
0.936547
0.998356
0.979398
0.782348
0.878059
0.542286
0.458062
0.201476
0.483596
0.041714
0.358425
0.653646
0.866862
0.753814
0.889189
0.814726
0.787270
0.983018
0.886183
0.729025
0.220403
0.333159
0.212136
0.553332
0.129642
0.600103
0.341370
0.775387
0.572854
0.530846
0.499288
0.433927
0.382324
0.326126
0.603816
0.151473
0.536775
0.154531
0.638357
0.432161
0.835884
0.845337
0.838696
0.816839
0.755566
0.699421
0.245761
0.564359
0.124375
0.584485
0.301370
0.745398
0.527549
0.500198
0.482119
0.439683
0.403768
0.367358
0.610681
0.135051
0.547470
0.396819
0.587868
0.873449
0.985446
0.909286
0.747342
0.452989
0.562524
0.687773
0.910429
0.982652
0.986625
0.962995
0.661882
0.572840
0.701116
0.531541
0.583105
0.645568
0.822144
0.410234
0.628796
0.147033
0.539800
0.632691
0.966433
0.978794
0.639115
0.417129
0.418072
0.544365
0.999467
0.991651
0.520583
0.414694
0.099913
0.317063
0.225056
0.713296
0.934368
0.950586
0.699232
0.458290
0.579876
0.999926
0.989617
0.548506
0.453835
0.139554
0.315126
0.453542
0.632170
0.721027
0.813844
0.922729
0.595408
0.715267
0.236756
0.531546
0.087761
0.503013
0.645574
0.817757
0.893196
0.955422
0.974022
0.731130
0.786954
0.799087
0.983315
0.887998
0.997685
0.985649
0.961562
0.992753
0.914404
0.639766
0.390780
0.324904
0.731584
0.763497
0.974419
0.995891
0.945543
0.989591
0.977781
0.885766
0.950351
0.992359
0.980124
0.717408
0.603860
0.379028
0.561058
0.084065
0.416686
0.608684
0.837462
0.930888
0.992409
0.971916
0.999320
0.928551
0.994956
0.877007
0.999957
0.987662
0.922928
0.827077
0.587439
0.378394
0.083070
0.370915
0.180777
0.642638
0.593845
0.915470
0.965633
0.958584
0.989474
0.973436
0.979537
1.000000
0.996611
0.998611
0.909530
0.897052
0.550835
0.623561
0.153835
0.483310
0.701558
0.923617
0.987901
0.992071
0.975063
0.975105
0.949593
0.818403
0.987791
0.892559
0.999977
0.816077
0.742884
0.939958
0.791625
0.948083
0.999355
0.984895
0.805159
0.757427
0.371351
0.404797
0.653743
0.924664
0.996212
0.947609
0.851511
0.981534
0.999661
0.903874
0.828716
0.509189
0.460982
0.701347
0.951597
0.999978
0.900056
0.933949
0.970434
0.828110
0.945015
0.726857
0.690254
0.544550
0.898515
0.771326
0.683500
0.602646
0.442732
0.320125
0.677385
0.984013
0.998790
0.722350
0.628995
0.554504
0.817638
0.950238
0.989776
0.907481
0.703753
0.732781
0.805474
0.568066
0.751344
0.441390
0.668775
0.499259
0.481792
0.472519
0.444632
0.418423
0.393988
0.653139
0.196482
0.488513
0.300926
0.555858
0.405516
0.599662
0.846566
0.863642
0.918677
0.964769
0.812253
0.690700
0.586345
0.124804
0.562873
0.241397
0.695562
0.454343
0.453742
0.459072
0.699911
0.496343
0.665176
0.902170
0.935941
0.996012
0.972759
0.895372
0.997053
0.895249
0.900025
0.501584
0.534769
0.578502
0.779081
0.346511
0.602170
0.130594
0.552095
0.208147
0.664683
0.410234
0.427650
0.448091
0.891027
0.726394
0.868004
0.985981
0.995655
0.988137
0.982523
0.957121
0.860786
0.999984
0.998412
0.873018
0.934948
0.623400
0.729445
0.255421
0.533640
0.082363
0.487626
0.638173
0.908625
0.650680
0.898995
0.673237
0.426549
0.430821
0.789107
0.852001
0.994051
0.997110
0.894750
0.912064
0.994740
0.986595
0.824501
0.626411
0.300189
0.717383
0.814874
0.720823
0.807463
0.634354
0.536775
0.627613
0.963095
0.760024
0.957488
0.778453
0.557240
0.387313
0.766078
0.818411
0.987797
0.999956
0.916763
0.936835
0.998979
0.999506
0.996694
0.875675
0.845431
0.864169
0.775447
0.790176
0.969423
0.985266
0.922246
0.997733
0.948307
0.712038
0.494311
0.163518
0.630565
0.566974
0.904118
0.919383
0.997312
0.998356
0.936547
0.986243
0.980671
0.890289
0.812346
0.603730
0.859772
0.984618
0.991740
0.995138
0.980269
0.915038
0.807023
0.976360
0.866683
0.914775
0.983455
0.958164
0.709288
0.700583
0.271720
0.378537
0.120433
0.441806
0.659962
0.892880
0.971072
0.999661
0.989941
0.996227
0.986153
0.982228
0.984285
0.988245
0.970926
0.905832
0.822851
0.630101
0.470147
0.078151
0.537301
0.279334
0.323835
0.313747
0.291230
0.175633
0.635535
0.874942
0.977425
0.967508
0.976112
0.888757
0.604341
0.554281
0.671515
0.730882
0.920624
0.915239
0.843953
0.863848
0.995170
0.981365
0.985336
0.934203
0.998799
0.980563
0.967883
0.999980
0.954319
0.943886
0.951052
0.995124
0.984876
0.790291
0.997223
0.949753
0.639111
0.591536
0.318028
0.336862
0.344661
0.793034
0.825146
0.999965
0.908417
0.777915
0.933944
0.995126
0.962389
0.884263
0.627613
0.524645
0.748708
0.916612
0.721237
0.929684
0.701112
0.607552
0.154600
0.537480
0.152564
0.635938
0.426653
0.832482
0.842949
0.837898
0.817204
0.757954
0.703278
0.250169
0.565876
0.646376
0.852678
0.744215
0.872363
0.791974
0.767831
0.835803
0.602840
0.854660
0.579343
0.464005
0.136326
0.546395
0.394116
0.587704
0.473250
0.612028
0.832313
0.957847
0.999371
0.999986
0.949387
0.987430
0.998343
0.987567
0.901833
0.740402
0.887072
0.999573
0.957517
0.714340
0.477827
0.543173
0.621414
0.770136
0.943648
0.998383
0.997370
0.957908
0.696094
0.630775
0.731634
0.372340
0.519194
0.555880
0.695744
0.212694
0.530092
0.098161
0.317640
0.226322
0.713295
0.935564
0.949568
0.697132
0.455633
0.497887
0.823146
0.897048
0.999281
0.984574
0.858019
0.950871
0.995537
0.922399
0.650476
0.401380
0.360833
0.505173
0.619968
0.999974
0.987724
0.582693
0.324088
0.502048
0.906004
0.999984
0.784081
0.442178
0.435650
0.452989
0.800548
0.867766
0.996353
0.994026
0.985586
0.918791
0.694580
0.476106
0.147668
0.389442
0.319894
0.728732
0.758706
0.973095
0.995102
0.947695
0.990357
0.977031
0.884642
0.950888
0.992242
0.979540
0.719965
0.606808
0.383933
0.562506
0.085128
0.414694
0.608033
0.838254
0.931998
0.993064
0.970052
0.999585
0.925606
0.994137
0.873130
0.999870
0.986327
0.963461
0.995448
0.970658
0.875784
0.955202
0.826597
0.903479
0.855702
0.760464
0.498007
0.552316
0.534240
0.794506
0.999846
0.850355
0.601999
0.391213
0.504934
0.993284
0.998786
0.521676
0.393590
0.642708
0.916697
0.887998
0.999790
0.810932
0.867217
0.602537
0.374387
0.495559
0.995141
0.997623
0.503110
0.584829
0.791485
0.973983
0.999525
0.942436
0.921926
0.999973
0.985896
0.809614
0.760310
0.376647
0.406569
0.655409
0.925792
0.996529
0.945944
0.848219
0.979914
0.999798
0.907210
0.831487
0.801943
0.986772
0.878467
0.734174
0.227422
0.342328
0.237077
0.535787
0.103617
0.529999
0.203159
0.687525
0.538883
0.895659
0.766416
0.679302
0.599443
0.441734
0.320935
0.171090
0.541517
0.143658
0.624137
0.399383
0.815148
0.634513
0.574909
0.526254
0.430443
0.357198
0.272846
0.573904
0.872102
0.999158
0.912972
0.666151
0.493615
0.478188
0.311974
0.193495
0.128832
0.075975
0.329229
0.200320
0.549718
0.132693
0.606378
0.356880
0.786425
0.589780
0.542669
0.506272
0.432465
0.374955
0.311171
0.592683
0.653937
0.984784
0.999211
0.697837
0.598918
0.799496
0.986176
0.986772
0.801943
0.602638
0.745212
0.933949
0.995255
0.974091
0.856129
0.694342
0.649736
0.876916
0.978453
0.997331
0.823306
0.612662
0.512907
0.604262
0.131611
0.467457
0.564880
0.990513
0.844486
0.986798
0.916827
0.759459
0.469752
0.573273
0.703753
0.917125
0.986862
0.983598
0.887428
0.725132
0.878151
0.999021
0.961311
0.723267
0.737303
0.830576
0.725859
0.819345
0.635794
0.542426
0.636765
0.908103
0.649007
0.898601
0.671363
0.424371
0.425317
0.786236
0.852020
0.713442
0.829006
0.612569
0.539196
0.241397
0.344024
0.430924
0.545237
0.603780
0.672908
0.755266
0.291872
0.539595
0.076979
0.461840
0.148405
0.316332
0.449577
0.622198
0.708582
0.800020
0.914965
0.578502
0.706846
0.226140
0.530711
0.091815
0.320458
0.493035
0.707843
0.808572
0.902680
0.969218
0.715556
0.778327
0.327047
0.547198
0.076912
0.441196
0.617729
0.829459
0.918473
0.999371
0.926991
0.764340
0.725528
0.740169
0.777683
0.978201
0.997843
0.949662
0.861308
0.622860
0.407833
0.097745
0.371875
0.223385
0.670753
0.652393
0.938394
0.979194
0.913890
0.807754
0.977319
0.870289
0.917532
0.984925
0.999735
0.869203
0.869689
0.491949
0.599590
0.626541
0.890361
0.611194
0.895615
0.607411
0.412743
0.086260
0.563985
0.518846
0.545125
0.554966
0.496354
0.370728
0.090062
0.393855
0.606512
0.846041
0.938143
0.994245
0.999486
0.999932
0.984496
0.983481
0.996843
0.999047
0.987881
0.924158
0.832932
0.613194
0.429476
0.079127
0.553020
0.350201
0.792690
0.741368
0.977008
0.919383
0.827153
0.756391
0.944195
0.792565
0.944962
0.998631
0.981695
0.791577
0.883561
0.871926
0.882021
0.647098
0.896037
0.456383
0.354147
0.655713
0.870396
0.756370
0.893293
0.820347
0.492244
0.624776
0.828875
0.891690
0.642592
0.902710
0.486625
0.395997
0.371143
0.612337
0.477880
0.639147
0.527977
0.398070
0.706164
0.882312
0.999202
0.971777
0.839312
0.834812
0.972772
0.999993
0.920028
0.842467
0.537506
0.474939
0.309972
0.634803
0.830923
0.988632
0.993170
0.905299
0.988476
0.979529
0.905855
0.677006
0.555450
0.770248
0.835572
0.995094
0.927416
0.532208
0.641638
0.185280
0.545353
0.137665
0.615077
0.377938
0.800926
0.821212
0.831197
0.821086
0.779685
0.737799
0.291712
0.580846
0.123715
1.000000
1.000000
1.000000
1.000000
1.000000
