437.094170
150.627894
371.507657
220.013145
164.881085
75.149721
169.787594
212.872613
339.752823
85.698589
417.663578
292.857914
130.529906
101.766763
335.911533
176.241150
36.598455
176.780009
169.599845
155.674295
28.854383
187.898969
201.797269
197.000096
81.903158
340.344784
87.969607
99.647688
164.427436
125.781831
133.370900
132.981383
71.475645
280.327442
196.389730
64.392317
184.639055
115.524551
200.629601
144.924348
70.946371
121.538022
170.103292
179.470523
41.293368
201.963930
113.312032
167.289048
81.399972
74.675450
102.914739
81.231370
109.891250
176.193695
36.263190
166.873681
47.747270
97.185845
169.006167
168.098604
103.385275
82.806224
91.713080
122.351901
161.969065
83.867200
85.234440
60.502947
223.215781
103.576105
102.358770
149.026444
99.423122
109.500525
16.854405
86.620373
103.375093
83.979663
204.429714
149.091022
148.801952
101.963467
67.620924
20.993734
70.251075
61.014578
43.940311
193.199491
85.840309
71.890179
123.996894
73.514788
42.702582
67.130105
10.656428
80.219457
126.437372
91.404186
68.569585
26.989632
102.239023
43.718446
128.804092
71.798289
29.286180
128.466405
34.828018
50.964199
23.840103
99.130507
115.839853
100.686072
62.241857
62.047569
36.605323
107.466593
107.276212
89.648662
36.931990
144.071655
62.350340
74.006294
92.019997
32.849528
121.606397
70.932091
104.660317
87.521551
34.667029
33.196090
30.534910
38.321843
132.667413
25.112887
62.999387
42.452251
43.112622
68.929024
27.719964
50.085754
101.111085
59.669090
31.987825
103.402557
86.745409
116.592673
47.836974
89.698290
28.131461
18.462572
94.467543
48.711838
49.840853
117.100222
72.555348
92.616265
69.293849
92.850930
21.140567
96.330004
56.010505
159.819500
85.727240
127.653656
37.888685
87.771112
115.678162
39.741616
61.054316
79.224837
28.218985
22.109941
107.129413
97.233944
92.784953
40.987489
73.817091
87.772079
87.195309
48.256788
16.381363
81.869269
13.885220
107.148962
37.998731
76.189443
75.256319
24.989843
72.387022
104.072814
76.312709
33.525574
18.937622
34.070118
51.157493
62.539045
31.076081
58.187159
106.680267
69.867249
112.086332
43.478243
39.450318
85.698794
97.381794
38.066282
116.844676
36.724341
104.334972
155.402313
87.141675
40.208599
92.680011
59.249123
88.896184
19.196211
104.491254
105.706190
48.141494
61.995222
84.810141
77.797499
28.548453
61.855121
22.281367
58.926202
52.153364
96.268852
71.624628
145.767200
52.819702
54.915669
56.845644
75.565344
122.326449
109.121525
1.907819
48.517740
65.500085
22.668037
72.310149
98.892969
76.941882
30.091116
58.465007
16.121877
86.635173
34.435793
15.262438
70.253959
20.093945
56.713905
111.672646
53.633425
29.807835
82.633337
39.227528
64.758652
38.581856
36.459606
20.343634
40.332573
98.536693
49.936593
101.389460
41.905804
60.601393
96.833401
42.204104
50.683945
70.069706
67.585537
74.869171
41.283576
28.077755
31.187838
62.211653
151.604571
6.004687
66.780084
56.015635
20.695500
97.877929
33.671755
51.397894
67.970412
53.587493
39.988276
52.085638
27.858464
89.128325
45.764059
57.629927
26.422529
35.765129
67.590073
136.454109
24.757855
77.937963
86.019253
114.700954
140.037458
64.090670
94.527736
15.412889
37.539830
62.284907
80.311750
18.365695
54.480928
71.085013
83.999885
62.246060
50.060282
53.594823
45.769489
55.579891
66.376615
54.116175
112.754043
71.030038
84.974017
86.033961
62.915540
112.217619
58.318950
67.624911
59.801659
23.148689
68.977784
54.475424
79.437465
70.559232
82.253755
26.571395
55.793189
57.862851
65.658417
89.927014
33.752122
26.607445
61.959396
96.991425
82.883070
52.892314
26.793044
56.404278
83.422253
67.515717
22.476858
24.023645
23.990640
84.269285
47.023311
26.111833
131.619598
11.822634
82.284796
77.575967
73.763785
29.459301
67.629777
120.764836
13.850231
42.274992
46.729046
26.300096
12.792859
49.903640
51.681792
108.814442
61.406158
75.140284
120.150716
51.106443
69.287203
43.629624
49.252830
71.974412
55.172282
105.484575
105.745772
57.695434
28.037534
28.026914
14.379990
52.782076
45.177034
75.648267
63.609926
118.074827
12.647928
74.522613
91.388299
98.532520
17.116508
38.064412
57.555587
33.540559
79.534434
63.293780
37.184367
44.349549
98.682457
70.153943
43.186955
61.041219
12.928184
78.601025
45.213577
47.721173
116.194334
17.064732
143.692968
59.798751
49.897048
12.235152
31.697626
3.633719
56.707762
74.321808
18.812344
60.176543
54.920981
49.723218
30.121038
87.023188
14.817239
58.165683
12.393508
93.018049
28.557324
116.286020
32.315601
28.328541
73.492773
40.624334
58.139290
51.022741
76.794508
16.780040
50.875626
27.566271
37.931579
52.519607
55.967987
43.994527
33.212768
105.925399
105.962439
86.674051
47.781979
30.689863
41.279679
26.250632
83.865497
19.371682
42.196628
3.203850
36.201326
60.671845
79.551709
45.308926
48.951017
30.935560
20.925041
91.038539
14.583083
20.887073
49.705028
109.900768
22.299795
81.519788
56.096230
71.653580
22.249187
46.579459
38.247166
44.826947
61.124612
62.618479
87.241212
21.559724
36.862653
84.532174
39.101675
63.770302
55.498361
46.961876
34.774830
60.952666
38.181554
97.598399
39.995498
105.115041
18.626941
32.388744
72.166856
36.292974
50.422446
38.497919
94.025897
10.263836
38.585170
27.377687
53.334623
69.763486
25.034966
26.669197
21.468765
29.364746
79.389333
30.329881
22.914625
117.239538
62.151702
76.131908
31.349869
81.625267
66.731198
11.899832
29.375415
20.147192
64.759232
77.054416
10.891661
45.690988
33.370480
60.439994
120.367688
63.193368
41.405269
42.126365
59.848594
63.549522
73.096585
41.542246
84.179959
53.190306
49.479754
82.480018
79.492572
57.391481
15.921780
69.557695
62.188656
47.366286
91.901055
26.427337
77.133402
25.408763
23.154671
40.150329
69.032575
27.945324
17.643475
102.858381
40.051292
72.636491
41.175311
37.080831
58.634493
24.161299
109.473769
78.865083
29.696515
44.080171
19.255612
26.811277
99.185396
37.671361
73.241070
48.872611
68.637525
88.177607
41.648439
42.817274
19.500943
42.712939
33.492089
36.908523
48.502590
52.788974
55.156914
31.995213
86.045706
42.115234
42.686102
63.524000
7.924926
51.869396
42.766050
12.869071
63.163571
78.591519
60.241376
94.106179
63.989107
95.259329
38.079014
9.964032
73.171705
84.133131
53.721122
4.421373
18.743711
25.907635
79.075268
28.243838
54.853079
90.128386
29.237834
23.102170
40.986318
46.104394
52.064458
58.877916
37.595476
39.321393
70.610187
73.520490
88.151710
67.882238
31.185190
91.744202
34.751943
32.940999
71.260349
53.275515
40.887754
56.222644
37.160788
99.331050
73.239503
34.183757
86.553748
13.913287
53.785138
60.042546
18.825447
77.370920
52.364838
43.849535
23.172342
64.612393
89.199989
86.292101
47.579363
52.531231
65.204523
34.992999
21.180861
79.256650
75.510551
78.370802
99.786545
67.390340
53.612280
38.638099
34.819136
80.129274
41.735377
50.095936
27.705340
17.115552
173.220409
115.357290
27.448529
92.055933
120.077170
52.041187
78.681447
31.371968
80.889854
67.418943
113.138091
117.316906
61.973507
37.850142
100.514623
55.382783
84.824713
65.332023
57.721989
84.900213
3.578831
40.668901
73.609929
14.107713
87.455291
143.778706
93.792978
49.300740
42.629330
92.227538
127.184158
137.461389
52.163412
75.324268
103.258404
48.642712
50.589835
92.707425
60.957511
63.669229
68.191528
69.703603
100.134209
129.510416
31.420252
141.656054
92.303842
74.094592
35.489939
87.739425
59.905275
120.427688
30.646353
68.634955
131.396811
74.381109
34.445959
112.858903
81.036409
49.281868
67.935304
144.998488
99.759424
60.125597
65.005979
103.516173
56.811683
72.831778
85.361811
68.013004
38.851114
83.560235
78.581908
69.486528
25.554689
28.615579
94.662586
79.143724
71.870280
89.935930
23.794198
63.898756
62.057761
7.179756
73.015890
51.073374
54.760277
18.942959
44.402422
13.462344
52.016970
14.893915
54.923593
37.288762
88.606903
56.403665
105.046135
49.273504
78.539786
32.791532
63.312637
68.891860
20.370178
44.945150
25.085317
47.470784
67.930938
50.703672
26.103108
55.842628
18.366233
73.263312
56.542396
44.954761
33.164394
71.358841
47.432772
30.467725
25.708457
18.097124
20.036186
30.066715
103.718634
23.013510
48.882366
28.441897
67.476386
3.413978
36.561595
30.576532
56.154079
66.164463
64.775122
34.702948
20.659140
31.454492
30.857666
40.204599
49.643253
17.106474
8.063267
64.495352
24.129782
29.131841
30.111414
40.843237
30.916935
38.906756
43.908658
18.886581
50.906416
9.354991
6.721755
37.185524
12.490930
28.370884
22.677222
16.918784
5.852475
61.192748
27.245622
32.072363
66.287448
47.943950
28.573805
51.891773
13.498411
26.679860
30.411787
11.625438
82.153804
25.376914
14.855910
19.801688
14.031042
49.767675
50.836766
25.262087
42.072039
19.528741
25.825021
27.903194
35.281971
64.771354
30.388398
31.027686
17.810286
22.339076
41.499391
23.407520
17.075111
43.865302
35.358978
63.572543
40.523853
20.660520
38.764379
39.343981
17.251755
30.268585
28.034266
24.280335
11.360239
37.883180
34.583808
49.956060
23.979427
44.411177
25.092008
31.265806
31.236357
4.703467
3.142662
16.780185
8.598646
23.124031
27.211724
14.082958
13.014857
24.695818
35.580188
37.332211
20.593852
22.570383
17.344752
11.063553
27.485381
5.605757
23.070807
16.971563
12.923874
61.389830
41.327399
61.376002
39.856216
20.378427
4.248525
32.543970
7.411551
44.748230
56.258042
17.230968
29.642594
25.724149
13.086601
26.211910
38.682769
32.273099
20.769072
7.492644
17.359608
22.659314
29.312708
38.475243
36.879154
32.910326
22.713817
50.690483
28.816928
23.574686
35.984034
12.728165
37.410331
30.005869
6.315546
21.981122
12.453151
9.811459
21.834470
14.555799
2.948549
2.570675
80.983055
7.151150
39.281727
9.514823
18.518713
40.473668
31.662558
32.853457
51.418103
50.319123
33.100624
36.216687
15.478300
15.498053
61.002119
19.525034
23.803955
21.995362
21.821549
21.193410
21.176513
30.582634
22.565668
27.821327
19.254692
48.580169
20.349464
22.562061
15.141622
14.909451
19.760952
44.619098
19.104798
5.962913
10.550094
7.572969
39.523300
12.935898
40.144519
21.895643
18.634234
20.100802
36.100906
24.766385
7.592166
12.409049
2.348436
22.418812
54.100736
26.130753
10.991106
30.128341
23.453251
36.039429
15.592177
14.603129
14.329314
34.611847
14.541270
13.903823
19.312620
58.080337
20.532675
6.185401
14.465745
9.105380
12.099996
7.996809
6.017554
24.123500
14.499534
22.918938
54.865749
23.984077
21.853546
15.225684
20.655732
16.609580
19.276141
15.562449
9.050346
37.299643
17.583879
67.515320
24.941105
38.259664
24.866024
39.986693
15.728844
23.221895
21.981082
3.631668
11.455931
32.092719
8.325356
10.716293
23.761592
10.480147
8.237395
32.400173
8.340687
22.762585
14.320683
37.006608
12.130400
30.752522
10.697298
36.490267
25.213795
21.602548
22.713641
28.407802
21.232911
26.483203
48.175418
28.576391
13.580894
47.949065
15.655506
25.327204
12.559277
23.483047
15.678933
26.428927
15.879966
14.748579
60.521122
17.809795
43.469554
26.956105
13.495851
21.107675
21.738769
37.333657
32.997878
21.794096
16.427702
10.892353
24.994535
16.757478
20.201288
16.415010
39.814185
13.590652
24.430000
34.399383
12.574152
17.733855
24.648008
21.401352
16.599848
3.054240
32.416451
17.986677
8.880031
24.019926
29.938015
9.281446
4.500504
25.716243
31.995081
24.128522
34.287138
10.379961
22.789647
35.133952
11.047634
8.787920
24.779876
22.138740
19.889465
19.818995
24.972417
3.864001
18.601048
12.580950
18.041558
16.262277
14.861221
25.051905
8.618628
27.693962
9.948330
38.913299
25.941022
19.051272
33.905476
12.002636
9.934221
9.995908
37.753024
12.170654
29.519742
17.409432
16.390671
19.344859
13.358892
4.497057
10.953180
22.342672
18.382333
13.069042
13.710678
21.683298
13.552319
10.894175
13.311455
19.399745
17.276941
28.696656
28.955114
19.791747
31.632340
15.635397
19.968118
13.031971
22.318573
21.389906
9.410939
15.649035
21.664826
21.338309
16.228802
12.468579
8.915938
35.237492
25.226557
18.299019
26.256697
5.823652
7.939966
16.365478
24.082759
8.746695
13.673262
20.540482
14.752376
5.375366
2.271322
21.376441
18.628510
8.735914
32.296998
2.738222
22.104040
15.314770
25.346947
2.821796
8.778267
15.946646
15.239588
36.794887
1.589071
32.202193
15.408357
6.049494
10.744430
10.634546
10.475985
19.739342
23.540238
8.879797
2.749423
13.557931
20.254816
19.023942
29.728682
18.406320
7.299504
16.933797
27.516238
15.548223
6.055383
10.475294
11.035273
14.283582
17.448726
17.162472
27.083937
15.152656
4.851618
4.134287
31.111171
16.598868
4.745723
7.784357
12.620772
18.991435
7.610333
6.493996
8.772702
7.785530
27.756133
11.559236
9.243333
22.552494
15.549369
8.327962
17.113670
12.512996
1.397515
13.108161
13.428886
18.606118
14.571131
12.977837
10.724433
8.998461
9.713098
3.387043
7.193178
7.384458
8.184406
8.678480
9.625523
6.923393
2.023463
21.598763
3.551300
7.549795
5.822495
3.539913
18.157494
5.889132
11.514732
12.195982
15.973186
15.506739
6.734924
7.722134
7.055989
3.495668
12.494627
10.243959
11.648880
3.136356
15.628717
11.690785
12.522244
24.421127
5.935830
6.323701
16.967174
35.035185
4.518266
15.800658
16.876799
14.009542
10.589175
9.941545
3.843913
19.437551
9.716857
10.872096
16.989656
12.287987
0.612725
11.415039
19.837722
17.582011
16.752485
11.192514
19.481756
10.891818
18.927191
12.057502
1.493311
18.560927
9.151487
7.722117
18.592976
21.528694
8.291853
22.610381
15.530603
1.006470
13.499486
4.381243
18.991052
9.578799
10.246020
7.701404
8.444493
9.532911
5.057681
13.480926
12.343010
9.098372
8.165379
4.699827
14.653945
7.674820
6.073040
12.094746
4.573459
13.275523
0.907770
18.982803
11.430529
4.533678
15.337784
18.507000
8.185296
7.724219
8.305980
1.094502
6.379230
5.908988
8.845652
3.554630
9.289504
5.750026
7.885514
12.492580
3.733359
4.581352
9.992552
9.949111
4.897599
5.623393
9.144754
5.146129
5.333614
10.749349
2.696269
0.679361
6.169749
6.347406
4.363001
0.795399
3.384830
4.819796
6.767368
6.845457
2.496668
1.441372
6.452081
6.791574
14.008034
11.667867
6.860471
3.040202
4.397074
11.738611
10.998961
6.698593
8.569496
9.593540
8.960871
9.508858
2.143460
9.780908
5.791084
9.086441
7.451700
10.574624
4.435266
5.662986
4.466385
5.702055
4.533339
12.695465
5.827915
6.884744
6.917384
19.744282
9.957348
4.918434
6.412605
11.838925
4.149117
10.279430
4.035067
12.805499
0.569605
14.150870
0.319418
3.717060
4.576390
3.341694
3.370401
5.897366
4.413563
4.770211
6.227514
2.338305
4.576343
4.059487
2.178737
11.439096
12.274708
5.858114
4.674421
4.096941
7.650599
6.246279
2.786068
1.640659
2.915964
3.354706
1.208881
3.429309
4.268873
4.949808
7.116682
5.574860
2.982398
2.827710
4.782509
2.114974
8.324335
7.404769
0.677044
5.003318
4.422711
7.749478
3.174569
3.963334
2.168187
3.387486
11.274329
2.377547
3.182593
4.362641
3.440338
4.490578
5.839796
7.657558
9.243725
6.698387
2.809153
6.150875
2.547954
1.840688
3.490092
5.523653
3.913140
7.745119
3.547306
0.999963
4.215483
1.949182
3.403407
3.014661
1.938385
2.756301
1.913634
3.800633
3.123619
7.955336
6.612672
3.956467
1.366322
1.442353
3.262971
2.639885
2.977656
3.031707
3.411707
3.445604
3.329138
2.826788
1.901448
4.984467
1.518960
2.798472
6.860372
5.842746
3.366290
9.297899
2.754768
5.086705
4.689837
1.248427
1.625469
4.083060
1.575361
1.924224
4.296527
5.958807
2.478377
5.089967
1.431327
4.072328
3.231235
1.950887
1.708848
4.647749
0.677035
3.445674
3.052375
1.984612
2.140964
2.081822
1.452190
0.907442
1.542944
2.856385
4.907393
1.769011
3.415411
3.198128
0.610061
2.935757
2.232502
2.443572
2.631928
3.191597
2.980424
3.391749
0.657893
4.956059
1.026248
2.809241
2.387592
1.898377
3.457051
3.420376
2.309161
1.594128
1.479203
1.959351
2.184034
2.766269
2.483715
1.656747
0.957936
1.523832
1.815845
0.925434
0.384225
3.973071
1.529068
0.734909
2.166808
1.481061
1.731089
0.570986
2.212122
0.275799
2.354905
1.457419
2.095808
0.845705
0.863335
2.885915
0.686666
1.933258
0.882449
1.790802
2.585106
2.756776
2.282365
1.186176
1.674861
0.544700
1.121717
0.542899
1.408654
0.631467
0.855691
1.510597
1.568482
2.099837
0.157403
1.722962
1.481315
1.035511
2.009390
0.829759
1.115095
2.107575
0.135906
1.997670
1.381430
0.943401
1.159886
1.385089
1.846306
0.713635
0.714132
2.221524
1.171401
1.727415
0.946920
1.209590
1.214995
1.396309
1.488934
0.951497
1.404398
0.974599
0.760819
0.870029
0.765733
0.973334
0.946108
0.904605
0.992546
1.065301
0.949802
0.969624
0.972374
1.008911
0.963500
0.934206
0.864145
0.945894
1.179298
0.851326
0.970721
1.222461
0.876308
0.794049
0.894004
0.504802
1.004468
0.854148
1.547554
0.839875
1.360928
1.489537
0.506910
1.002306
1.225869
1.079149
1.324374
1.476779
1.131139
0.599443
1.870310
0.839643
1.064938
1.421675
0.290220
0.595165
0.941350
1.304386
1.327160
1.690291
0.901224
0.468087
1.665532
1.496616
0.654201
1.869545
2.042794
1.800630
2.130514
2.032053
1.055411
2.257628
0.367569
0.747754
1.340629
1.123649
1.798285
1.239780
1.528746
1.719509
1.876653
0.490282
2.011475
1.899657
1.018133
0.318851
2.202287
0.585560
0.854561
3.811194
2.201048
1.038930
2.363360
0.820759
1.002392
1.605511
2.130180
2.128818
4.273840
0.516620
3.662013
2.198738
1.333118
0.398003
2.873950
2.443117
1.124820
1.119130
1.671172
1.942271
0.938531
1.077882
1.040717
1.209251
1.155605
4.694948
1.742704
0.497030
1.519572
0.906580
4.383057
1.066947
1.373030
5.922934
2.241612
3.121185
0.938839
0.386362
1.361806
1.438703
2.086316
2.120542
2.852207
2.253850
3.676812
4.069909
2.025475
1.675438
0.281987
1.915351
1.623058
0.913598
2.893299
3.656307
4.089844
1.148220
5.955530
4.774059
1.027815
1.611807
0.665116
2.411387
2.830640
4.102556
1.876404
2.560887
1.441592
2.062034
1.999529
3.904578
2.051812
3.141040
1.110583
4.455852
2.430715
3.121924
2.104217
2.627168
1.915635
4.728798
2.647322
1.903257
4.119317
2.130921
1.323582
3.974289
3.378866
6.062626
1.852105
1.073930
4.250024
3.308778
1.199204
4.515642
6.086982
2.395531
1.092558
3.686241
1.483443
6.859071
4.104552
1.116895
7.985863
4.894538
4.177833
1.571449
5.434417
5.532256
0.966769
2.418629
0.953105
6.428092
7.447130
1.604737
2.179939
8.046676
4.637596
3.560025
1.201203
3.625649
1.086684
0.863725
3.503511
5.248654
5.368857
4.477162
6.367309
7.126370
6.602603
2.659992
3.090885
5.791290
2.207822
6.756338
6.122198
9.943731
3.114354
6.625130
4.636808
4.610959
4.494508
6.204766
2.381198
6.011357
6.655832
4.014002
1.274155
4.951675
3.715518
2.864269
3.448555
2.614763
2.945359
3.225056
7.547268
3.520782
1.376019
2.440487
2.486841
4.201240
6.150692
2.305846
1.802891
8.360279
6.233256
6.689032
5.230348
5.405613
3.560735
5.074639
9.352343
1.859798
4.026681
2.082752
5.594163
1.532334
7.613610
3.596003
5.632104
4.822701
1.385859
3.055713
1.564777
0.275140
4.537808
6.643989
2.872924
10.949777
6.686521
10.373643
5.112573
3.845862
5.919008
4.543030
3.418296
3.861774
8.185151
3.153361
6.577516
3.687793
2.135679
3.146752
9.932779
1.582037
7.907510
1.472467
4.660287
10.862799
3.935805
7.093638
7.373607
3.910485
7.731848
3.671193
2.377929
6.690881
5.090337
4.248799
5.015811
1.434076
9.616858
7.883283
0.444037
6.624076
8.572743
2.925201
0.408712
4.749376
5.572846
12.644431
4.347069
1.174765
5.769471
7.040844
1.463536
7.785883
5.851596
1.043315
7.000763
5.639183
5.424298
6.296194
6.018953
3.859028
4.771598
8.478927
10.820631
3.461700
5.629602
9.380164
4.497451
6.291639
12.276195
8.730639
12.453754
6.227374
6.273149
6.808709
4.333196
3.720682
8.127148
7.749094
5.824463
4.428298
4.611721
7.515364
4.803508
6.389233
9.586242
1.503697
11.495293
2.676907
5.999357
5.616911
3.800263
8.984376
4.616928
2.291239
1.472652
5.011409
6.064346
8.526705
3.939207
7.559800
7.376014
1.181193
3.574682
8.437362
5.803403
4.025004
14.082556
7.004403
7.386898
3.098171
5.407487
7.468873
5.824065
9.479928
8.472484
11.156944
10.949535
5.710481
5.487663
3.659901
2.641237
2.303362
6.746381
3.903391
5.319233
1.477868
10.224198
8.138633
5.240736
8.773521
9.661976
10.653836
7.414027
2.899357
10.122545
2.229382
16.624250
10.351266
6.142741
6.339246
2.080427
3.048761
5.936061
7.841388
10.112105
9.402680
10.869670
4.764559
7.824202
6.722831
3.903528
14.759353
7.165910
3.460794
2.458244
10.541986
7.241181
1.016727
3.928308
3.803717
4.446345
2.521631
6.379065
6.908125
9.699061
9.864100
1.066320
6.782423
6.383419
5.091988
8.516594
10.161440
6.543900
4.283590
5.690812
8.849647
5.543660
4.015174
8.308484
7.505041
9.600447
8.503709
8.507841
8.300834
2.253471
10.967102
8.102468
4.273359
7.839866
8.266486
2.533327
6.246400
6.714338
4.231476
2.672052
1.404020
1.684983
7.991906
4.041671
1.563154
5.908390
8.300746
5.075696
1.659517
6.206558
4.398467
5.117377
7.950017
8.127455
16.730426
9.076112
9.404712
8.729394
5.360415
1.470687
8.951203
4.470440
3.275982
6.297219
16.255541
14.439894
6.937770
4.570751
10.550858
6.546046
2.520025
5.818515
10.039274
8.145005
1.002292
6.375261
5.051025
2.035380
6.324852
3.121870
14.158646
9.825501
3.093082
10.997864
4.096288
5.090682
3.233477
13.511041
2.041870
10.102750
7.186574
4.934700
6.996503
8.674606
10.301251
1.048273
5.193494
11.948717
6.958353
4.142401
7.426615
1.453614
2.839265
1.966941
4.719808
5.898172
5.462392
7.764511
7.440500
6.906849
7.763430
2.398649
7.032395
4.292168
8.686592
3.064639
4.224211
3.929519
4.118030
4.350795
9.042980
12.565074
5.261829
6.912008
4.963972
10.168629
10.028615
9.206294
6.692445
12.573674
8.262401
4.976152
1.527809
4.311420
11.922634
7.791855
4.914652
7.648146
2.539065
2.769996
9.648249
11.210698
8.918874
0.499367
4.119545
8.620045
6.898883
8.802619
7.321538
3.814548
3.652137
9.210126
5.311757
5.235623
5.640246
10.827719
4.188714
10.662537
3.367043
5.594946
10.347969
2.794329
13.831580
4.263311
9.047961
0.722455
9.373857
9.451404
6.859183
4.477982
6.022561
4.482903
6.878344
9.485932
9.425947
0.728631
9.107554
4.292482
13.979167
2.823803
10.469849
5.681735
3.401082
10.825238
4.242921
11.045048
5.768062
5.346693
5.446762
9.448413
3.717023
3.886179
7.498085
9.032587
7.104283
8.893110
4.232184
0.490973
9.208743
11.637344
10.008400
2.910375
2.670157
7.948682
5.158699
8.092114
12.426039
4.472653
1.557873
5.169589
8.645187
13.276906
6.993033
9.773711
10.656490
10.751107
5.249527
7.303554
5.654277
13.318948
9.572117
4.568395
4.325046
4.247230
4.444345
3.219425
9.377503
4.688929
7.628160
2.518368
8.455456
7.396309
8.097299
8.317917
5.932350
6.455009
5.170305
2.060805
3.184131
1.642800
8.120398
4.477911
7.721032
13.053723
5.592272
1.238677
11.264544
9.514404
7.692576
5.558671
8.065884
11.136327
2.380046
14.999941
3.504421
5.792109
4.459666
12.200420
3.585792
11.077089
15.733173
3.374668
7.202355
2.168608
5.769625
7.319719
1.167989
9.095819
11.512973
6.746177
2.750498
7.550555
11.896780
5.363763
7.994343
16.387928
18.655565
7.061971
3.857795
5.004908
10.135352
1.578188
6.120426
10.015888
11.009547
10.668933
19.440024
9.281799
9.429306
5.884257
4.979542
7.177418
1.781136
6.027988
9.651648
7.055807
1.658124
4.679301
9.238145
2.036434
1.460154
2.964442
4.975013
7.801219
7.534107
2.874935
10.029556
9.579450
4.952252
9.499030
13.119466
2.588339
9.763691
10.352718
10.044891
11.553599
8.917294
9.838658
5.015123
6.863532
10.741722
6.719398
5.429246
7.997385
12.227612
10.254984
6.354059
7.646183
8.580917
1.523038
12.430971
11.948939
8.333775
7.724326
3.389942
5.699253
4.926174
4.994672
1.105064
8.822008
12.949731
2.832189
4.619591
8.818566
18.902205
5.216322
8.775473
10.045816
5.765827
13.520585
11.782473
12.843165
9.862889
7.421634
3.842659
2.962389
7.845898
8.031352
13.143579
21.238244
2.831239
13.093651
3.985725
9.367489
13.819771
12.859574
11.469971
7.166309
10.359636
13.085158
1.983113
6.831225
5.180794
8.595887
2.707381
3.824668
4.822838
7.591789
7.895805
14.260123
14.611144
11.083245
13.084112
7.572874
10.337470
7.647051
4.422823
9.733247
9.104347
18.954370
5.505022
7.512339
11.710324
4.976762
1.875397
9.713664
10.414689
5.559688
11.347621
8.790229
7.081543
1.970091
3.517306
6.062290
12.376624
5.095346
7.511493
8.784948
3.353274
16.122276
2.557785
13.113993
8.913788
7.255413
10.843573
6.575928
5.898511
8.728774
10.623070
11.308112
5.767163
6.695235
10.212120
9.437061
9.479555
17.718354
12.893361
18.366390
9.135307
7.035245
13.690910
7.762532
5.129180
16.360949
12.517115
7.472753
5.231447
9.461007
9.894712
7.726768
8.600889
10.635786
1.965245
8.749010
11.272901
2.689977
10.360514
8.593273
2.117925
6.343524
19.860636
8.402911
7.394799
0.353388
4.908350
12.902211
10.004971
0.621817
11.703828
14.627004
1.659891
8.086376
6.219970
7.798877
11.084581
4.138428
6.011222
12.534571
6.309158
12.382971
10.690790
6.477919
16.816389
8.060098
2.399932
12.156349
3.106101
16.496017
4.895811
2.831030
6.694738
11.176128
5.070372
12.953979
6.910064
5.264907
7.152868
9.146652
6.433136
8.109861
16.682848
10.668427
18.947613
4.131703
10.842970
7.429397
0.956574
3.260690
5.200279
2.026442
7.736722
9.388632
6.230871
13.092067
1.903740
9.119118
4.441629
7.501211
2.736487
15.705531
8.392307
6.436321
9.984798
8.929195
11.859906
10.545404
14.984603
2.800391
4.903261
11.114412
6.815479
4.792301
4.208338
3.387250
5.656503
13.093255
5.202279
4.614888
5.459904
5.630957
4.778750
6.357525
9.751771
2.775817
7.346872
13.682043
12.491180
3.612025
11.719650
9.685245
8.039059
8.209821
12.805451
5.122623
18.599040
11.755081
12.397546
5.345110
10.948144
5.507479
5.011127
12.619370
13.810523
12.136081
10.185374
9.924582
9.856012
8.343947
1.580542
3.245716
6.439299
1.843743
7.247373
10.853257
16.921415
5.038446
4.227915
14.856737
13.222048
2.219480
5.202587
2.248770
13.062855
10.713428
2.297762
9.122484
10.810192
16.598555
1.512457
8.752206
15.853070
3.370977
7.131125
2.175731
4.851574
12.991504
11.547545
3.234683
7.014758
11.438470
2.282206
4.766318
13.138306
8.142472
9.329530
2.024184
3.721904
8.738412
3.443317
8.055226
10.258595
4.114087
7.314123
3.800706
6.451393
6.448029
10.252151
2.930144
8.728186
5.565475
9.259045
6.858384
4.754469
2.797405
8.394847
5.039785
11.575358
9.284281
4.879842
0.742714
4.235655
1.646582
12.037820
15.624462
1.412042
10.851606
10.888198
8.027928
4.634280
4.230067
7.399040
2.107481
3.093762
4.804608
10.767723
9.558213
8.205270
7.810339
6.792148
7.073500
6.460591
3.451663
3.222049
0.802028
9.871560
5.145132
17.895649
4.179265
6.076992
12.609708
1.943090
6.156601
2.907168
3.968394
15.066917
1.638391
5.939558
4.022190
5.683349
1.050683
4.684618
8.920351
7.021118
1.482018
7.456617
14.355605
4.554033
4.408623
8.632289
13.627566
5.356210
16.543003
12.443593
7.343623
10.429378
4.383004
3.889783
7.671992
3.866213
7.628563
14.318065
7.405657
3.412915
7.242999
5.505474
9.219318
5.669139
7.321482
5.809972
5.743740
5.503004
7.330896
3.240833
9.506217
2.965615
3.041491
0.820903
6.018264
8.875753
11.944949
7.757629
12.060381
7.959284
9.525451
7.613825
4.596993
4.991032
7.203040
9.552962
4.646609
8.644358
3.894710
5.467968
5.938278
6.403723
6.106540
7.557502
2.848892
2.764074
11.356600
3.150761
2.822537
6.877333
6.180886
4.965652
5.232389
1.984791
10.536143
8.546957
7.853082
5.022743
16.434314
7.123459
1.706351
12.587341
5.108105
6.335780
4.373605
13.426381
1.958184
4.867691
10.798212
0.542407
5.957066
4.565413
4.807315
7.158445
3.297136
7.697290
5.917021
10.666703
7.699515
7.531118
2.442750
1.212588
8.579976
10.010438
8.494307
0.845117
12.011886
1.368164
10.898411
10.812241
8.380057
5.201234
9.265452
10.196250
2.835802
16.084224
7.012917
6.520056
9.040614
8.124258
12.488948
1.484304
3.213805
10.056764
8.543603
10.191330
0.869326
6.125123
8.076381
10.219109
7.210650
5.054415
7.668883
7.142020
3.060709
5.217719
3.646666
7.859912
1.708417
4.185117
4.234126
4.511357
4.619542
3.272831
11.614847
9.135778
7.153954
3.377005
4.641461
5.747055
5.198546
10.429415
2.475988
2.453657
4.505712
1.938935
4.756949
5.367961
6.063923
4.106233
2.346658
8.134570
3.416807
1.691419
2.796935
17.403565
2.820784
1.013467
2.004767
8.678599
5.072931
3.034983
3.748372
7.124260
2.684070
8.257434
4.286778
6.210811
8.471134
9.821569
6.749786
5.555866
5.497354
6.351889
1.832134
10.543332
2.916575
5.113410
7.163176
4.963782
3.420344
2.857207
6.721784
4.614365
4.302876
4.004935
7.306830
6.441417
7.490314
3.393364
2.589137
2.751264
0.482450
3.265404
3.235718
3.917949
5.484063
6.293801
3.883415
7.311010
3.651419
4.225165
3.211642
4.913871
3.102373
10.660615
6.535568
10.628424
5.484108
5.486554
2.921301
8.923575
4.352288
0.980031
6.075970
5.499824
1.891213
14.337580
4.670329
10.246916
8.383479
1.815232
3.232334
4.840762
3.458132
1.740770
3.389085
4.812180
3.855824
6.041277
4.375215
1.352079
4.452840
2.416357
1.748082
4.169876
6.676203
8.208964
2.014597
2.770623
0.884043
3.695779
0.582219
1.822114
5.129950
2.012862
3.741313
2.736249
2.800218
7.006358
2.477522
4.537119
4.843570
0.096757
4.386526
5.395903
4.488128
6.838428
11.089395
8.383770
5.535341
3.036362
1.842896
2.548964
1.292253
0.556459
9.208049
2.307807
3.673316
4.913166
2.764753
8.224716
3.123298
3.452469
1.573449
7.757231
5.977597
0.157438
3.138267
1.943328
2.478369
3.239829
4.372901
4.028303
2.214088
1.437000
0.673386
2.859971
1.697861
0.330897
2.493239
3.212854
4.736842
2.932687
2.429298
3.408214
9.024821
8.619730
2.605412
1.441877
4.051872
2.294049
3.284253
1.829911
3.093852
3.836235
2.049062
3.142914
2.337620
3.149389
1.575895
8.061238
1.759466
7.934230
3.696734
5.767008
1.871986
5.769259
4.253557
1.953535
5.883199
12.249685
2.657170
4.224761
2.233808
6.143501
3.400291
2.077398
3.478434
3.520850
3.000506
5.811163
2.629414
5.890703
2.895410
4.077170
1.579733
5.108383
5.068420
4.449970
4.672087
3.273757
4.134011
4.766380
3.266818
2.487471
4.472439
4.744406
6.023824
2.445613
3.421070
1.500908
0.941107
3.190230
3.613762
1.112427
1.799003
1.057504
2.688511
1.764371
2.539056
1.356945
0.562719
4.954953
2.261359
1.557449
4.783694
2.882730
2.965975
2.690847
4.516008
1.505872
0.995830
4.388696
3.741434
3.233114
4.454864
0.391145
2.058625
2.623871
1.164118
1.480628
2.510700
1.530645
3.814044
5.439060
6.162789
0.532209
4.526671
6.941623
1.324291
5.283602
0.696797
4.171231
2.100456
2.860239
4.224153
1.235185
3.434818
1.712620
3.878060
2.884010
1.203042
1.886114
2.216269
1.154153
3.863560
2.012728
5.129296
1.825894
3.545155
1.028410
3.374835
6.730096
1.489593
4.416971
3.674468
2.114679
1.419026
3.668307
1.076764
3.806342
4.649469
1.775633
4.704677
3.084034
2.951006
3.260727
4.232992
3.467845
0.966881
3.055823
4.366906
3.140714
1.797288
3.264723
1.595253
1.522599
3.053479
2.286174
4.039221
2.908609
1.283245
7.522199
3.301261
0.432155
1.024708
3.524338
2.583690
2.995748
2.826334
1.267937
2.809766
0.796864
1.929483
1.217718
1.861031
0.558280
1.684117
2.476621
1.658740
1.136137
0.823039
1.359497
1.965838
1.274233
0.070757
1.904971
0.427326
3.788427
0.898985
1.817849
1.862744
1.822168
0.927914
1.794906
1.025489
0.886830
1.142847
0.445501
0.661587
1.073248
2.533792
1.334173
1.002692
2.032137
0.822476
0.543342
1.110407
0.063980
2.075758
1.776594
0.246228
1.233721
2.674028
1.539677
1.222457
1.431755
0.191346
2.383275
1.564886
1.196404
0.554430
0.597698
1.682519
0.513140
1.095131
0.975615
2.735847
2.017407
1.470992
0.952332
0.216483
1.186745
0.485280
0.410577
1.640428
0.514555
1.052769
1.578377
0.934890
0.830383
0.339960
0.456242
0.735007
0.977376
1.979231
1.093002
0.433984
0.570660
1.220783
0.714543
0.140603
2.081242
0.776354
1.733821
1.169426
1.343572
0.569629
0.687974
0.103093
1.021287
0.488439
0.823427
1.597195
0.993867
1.189914
0.814390
0.726932
0.878057
0.553563
1.116083
0.525946
0.736993
0.609963
0.990454
0.788492
0.813687
0.624962
0.868541
0.565625
0.654589
0.792633
0.808214
0.686687
0.689033
0.782039
0.737254
0.742150
0.759082
0.754317
0.718812
0.646653
0.807441
0.830109
0.862886
0.522733
0.847610
0.623672
0.953888
0.887327
0.698468
0.816795
1.055314
0.897993
0.714429
0.988446
0.948385
0.732718
0.800855
0.962059
1.144244
0.534594
0.462821
1.467315
0.642697
1.783823
0.944426
0.880941
0.326595
1.428006
1.253680
1.279693
1.650110
1.052985
1.281769
0.832710
1.402903
1.269188
0.995344
1.217836
1.118253
1.309021
0.841968
0.442054
1.243768
1.178874
1.537039
1.455949
1.045233
1.147119
1.112071
0.690884
0.229809
2.387308
1.536039
2.392303
2.027044
0.500055
1.198223
1.126728
0.858462
1.156992
0.619577
1.517699
0.478355
0.463498
1.932454
1.522503
0.515590
0.739583
2.789911
2.057743
0.707794
2.794202
1.279400
1.829095
1.810314
2.417643
1.122518
1.861264
1.965053
3.098335
3.487783
2.163685
1.846762
0.661067
2.407805
3.924428
2.064007
4.855078
1.448799
1.917918
2.054143
1.467999
2.616036
1.617839
1.577875
1.973198
3.915569
1.798180
2.154706
4.724774
2.237275
1.417324
2.076879
1.471880
2.605477
2.981564
3.112842
0.887084
2.939881
1.714233
4.137048
0.795309
2.217502
0.219259
2.719093
1.250326
1.435973
3.003644
0.860603
1.421955
3.896955
1.249382
0.931574
2.903768
2.990999
1.103972
4.844017
3.108607
4.130885
2.479005
6.899703
1.711868
4.694780
0.458440
1.169068
2.019875
2.237907
2.930991
2.210632
2.566258
2.168063
6.767210
2.675646
1.721878
2.242621
0.132670
1.200841
1.341165
0.574892
2.288117
1.286302
2.590299
7.555723
1.777222
2.079493
1.598689
3.715995
1.495765
2.391669
2.047245
5.107430
2.508321
3.866682
1.606997
3.843833
6.665978
3.199174
0.871471
1.182354
1.263865
3.552942
4.500835
3.111813
2.824431
3.154894
4.930557
2.272745
4.807599
1.580948
1.188250
1.362865
3.165326
6.612466
2.802237
1.573182
1.652415
2.698901
2.285298
7.235525
2.515207
4.387629
3.576472
4.832974
3.474820
3.541280
3.276324
2.633645
3.267428
2.539420
8.329932
2.556512
2.743035
5.706491
5.020321
7.002243
7.024628
4.482422
4.802273
6.121877
2.500266
1.363261
5.455450
1.195282
12.723210
0.782718
0.832493
2.662451
3.831117
1.139018
1.889342
2.902087
1.094688
4.940547
5.255645
2.430038
5.537556
4.203744
4.429364
8.224081
3.198692
4.774242
6.092509
6.600436
4.968398
3.209976
3.216977
0.712556
2.848427
5.628915
6.649891
4.561341
1.663660
4.031539
4.300176
3.206499
9.470001
6.869694
1.347205
4.847959
0.547477
3.265696
6.964655
10.230082
6.795983
10.715529
1.884649
2.927008
3.983815
0.614896
4.782106
2.135458
3.431612
4.289955
3.888866
6.153113
6.357540
4.697055
1.777322
1.958770
4.460122
4.149131
1.980365
2.486813
0.747495
1.313229
4.958051
5.065512
4.830927
8.117334
4.649532
8.984266
5.592003
6.151149
2.469222
4.753602
5.234264
5.670864
2.561885
7.405620
6.833049
4.158123
7.684972
11.051808
6.621826
7.709940
2.705609
3.721734
7.156286
3.624527
3.100027
5.252527
5.458366
12.111697
6.547101
5.068464
5.184945
3.163909
8.104540
4.833491
9.690266
8.657710
2.566400
3.469740
2.318997
4.487155
15.500600
1.705686
5.306802
5.291041
2.052869
9.977221
5.179675
8.886783
12.745213
6.290677
4.730252
11.244722
1.382807
2.811458
3.812355
4.883373
2.327338
6.672608
0.907363
2.078335
9.594221
3.500553
8.818194
7.114435
5.707124
7.960805
5.783685
5.644451
4.850663
12.483129
1.163615
2.831118
9.182705
8.116744
5.502321
5.633106
4.311365
6.422879
12.936012
12.999293
10.524890
5.981230
6.842332
1.096959
12.751059
5.453984
9.847210
4.726541
20.063450
6.266214
3.869504
3.131304
5.481092
6.024704
9.097106
14.087487
6.110995
8.829188
10.997589
14.740392
3.768138
11.305410
4.762627
9.680837
13.924208
9.053680
4.576521
8.559588
4.246858
14.242607
12.520520
7.021153
16.171937
10.347522
20.751445
11.713187
18.195245
7.885900
11.474991
3.306438
10.453288
3.037881
9.141672
4.004264
10.722061
10.293706
15.239860
1.252250
13.060826
12.732103
5.288056
18.568255
15.121632
15.857823
19.205920
6.266301
5.151263
14.607587
16.015302
17.223394
7.663601
14.021323
17.354770
14.644931
11.294798
21.369119
13.020938
12.332380
20.751423
29.610649
14.048623
10.003215
17.001128
23.601352
6.903253
15.105161
27.434515
14.601757
5.969047
24.738914
12.115525
17.928412
7.004834
15.495779
19.304230
29.313066
6.375036
27.554892
20.845536
15.029878
14.550465
13.285748
12.521594
19.894702
10.243714
10.549309
21.367711
15.685715
11.313915
29.245789
26.670008
19.860836
9.073857
10.810911
19.460741
30.255118
18.790168
2.941968
15.230977
8.631766
0.574831
17.798323
11.922840
13.560924
17.658407
11.780182
21.815542
8.292987
13.470123
25.298956
24.500332
14.570768
17.498785
6.451500
17.230475
10.834267
25.510855
20.129704
5.502472
24.667889
37.085829
3.530298
6.351549
10.811295
8.592710
17.013215
7.355520
8.557239
11.362181
14.138042
21.907619
16.509638
15.961849
17.418244
4.582996
7.181098
14.096340
11.182907
9.901875
18.431106
19.437647
13.620199
5.372801
9.610971
11.356156
17.079803
4.415965
12.656138
11.333899
3.133342
19.154260
7.385411
15.609782
21.546515
8.447309
12.162869
8.519967
11.249540
15.417655
7.461221
7.892922
20.210108
6.652723
14.434043
19.630233
16.437227
15.783687
8.543330
7.931779
13.143962
11.100020
10.437758
8.744942
4.888634
6.080960
19.740090
11.696851
6.330496
17.505681
5.363728
3.948631
0.822473
11.918164
18.145005
15.849821
2.442662
8.646100
20.583639
13.788881
20.855622
12.994096
17.133458
14.264813
2.460952
9.753673
11.337841
2.059860
13.743177
9.761478
8.942226
18.588658
6.807724
11.787893
11.271123
10.617427
8.434941
7.395470
9.508001
4.513292
9.470743
8.846090
19.799701
15.482325
10.710069
16.206693
8.544444
22.231590
5.809943
4.602447
9.943355
6.666526
17.712449
24.003283
5.186799
13.172411
8.557659
8.795474
16.435551
8.898513
22.746270
3.875450
6.509891
15.643114
9.105829
5.072209
5.271096
17.182276
5.613691
20.487476
10.840977
13.903531
15.266156
3.489770
12.487831
17.859485
18.624803
10.755229
12.049086
18.950696
9.006839
16.562722
14.439565
13.136281
9.496363
9.264008
14.369241
26.983021
13.232897
7.457080
10.033740
2.765355
16.745753
14.508775
4.182850
6.168726
2.361219
15.150454
17.763603
6.727084
16.654290
13.967843
26.172414
4.813131
7.055135
17.939378
6.725781
4.578313
5.725701
5.393247
15.820211
11.846652
6.418227
8.905053
2.617408
20.747034
8.263185
11.245210
7.897527
16.277699
6.977606
4.472815
23.618950
8.613702
21.309644
8.803057
13.742621
7.391153
10.076977
12.274422
14.293851
8.520223
18.440446
8.403448
4.528954
19.480465
14.021351
13.237682
10.105146
8.535972
10.601174
5.121864
15.714547
12.685271
17.930855
4.977161
24.332779
11.128575
4.385618
3.051491
20.468759
4.568412
6.656692
10.940620
10.169404
17.290131
13.185708
8.107521
0.572106
9.597526
4.039862
18.768564
6.027086
9.170338
7.094763
10.600130
18.951026
23.217870
23.233918
7.178811
9.798965
12.400150
11.670339
8.467277
5.804620
11.235118
3.998273
17.047059
11.427482
13.107051
8.768443
16.514639
6.415556
7.042186
25.927322
6.542071
20.324136
2.407781
12.924489
3.528783
19.085025
6.912843
10.727405
12.188280
13.161628
4.081964
16.202489
12.758053
0.481270
7.269924
2.886264
11.092046
12.987240
31.828290
3.860426
25.622375
10.769896
9.999185
16.925305
2.940164
13.099671
9.199967
15.630037
21.300453
9.870567
8.439488
13.650194
17.305535
7.284104
12.445402
8.166214
3.694867
21.229096
19.765622
16.544042
2.971485
25.923372
13.581308
16.790967
9.575152
11.732986
2.832827
6.384382
6.200961
12.286693
22.866336
22.721362
11.922578
15.940411
10.815365
9.276320
14.824459
11.227131
26.150742
16.168678
13.416441
23.338839
11.231939
10.801857
2.846183
5.846123
10.035007
8.839577
2.700165
26.352021
14.510573
6.413998
16.098231
17.007168
17.680267
2.542540
28.127434
5.786818
10.249920
17.849075
4.947654
5.310412
5.127271
14.519165
17.630466
11.816135
5.652264
11.596335
17.998975
20.763558
13.027299
5.792229
7.231988
19.542102
14.349488
12.185990
12.220118
5.759776
17.584454
14.941366
16.730293
11.397781
14.602027
4.643970
12.504028
14.689774
12.554738
23.594303
13.313655
18.538215
17.935080
15.363087
23.940397
11.780854
14.167711
11.586322
9.687178
11.333310
10.322646
12.928508
17.738094
15.325231
11.481623
4.029558
16.971364
12.954891
8.061693
3.036477
20.042992
13.217725
29.583703
24.049976
17.963775
16.104730
5.466319
28.852711
14.321197
7.680226
5.828836
12.360068
9.793715
18.947070
5.675781
10.841579
8.212275
10.930783
14.372612
10.958713
7.270730
20.687701
4.119120
11.746966
13.930745
1.185043
31.270391
12.863131
6.278821
5.559229
8.402537
15.804975
13.737119
14.493565
10.300558
9.002876
19.962479
12.809611
8.691153
21.097620
10.428822
20.520868
8.354027
4.227268
7.419709
7.676731
13.433091
8.187101
16.710836
6.375207
10.771124
22.831098
11.417292
3.866726
14.177155
2.861392
6.879354
17.432324
3.553821
11.750611
6.353645
15.943534
20.352025
14.732457
4.674484
13.114146
9.591227
0.196968
22.080967
24.961314
15.054888
11.402873
11.098191
10.954897
29.735169
14.606491
19.215486
10.708047
11.876666
4.233707
12.722462
5.940303
15.527326
17.067019
12.317014
9.923293
21.176052
21.149052
3.712119
17.700146
11.582044
18.331863
8.278343
17.573111
30.930372
20.989092
7.214953
23.441248
7.583914
19.572391
16.770497
8.091576
8.439039
21.948773
13.605193
21.361423
11.641176
5.988223
12.534759
10.341567
6.500443
3.834428
6.859361
14.964275
20.402295
14.387533
4.735339
14.521430
15.183586
7.530090
20.947073
2.458894
15.958896
3.455485
9.216033
17.079967
17.342347
14.103177
7.759153
18.062429
18.876861
21.025529
4.051146
5.534480
15.575008
12.029325
7.747203
22.475924
17.160438
7.140514
24.714979
16.724164
30.579048
10.501689
18.520930
4.183802
17.935095
13.088918
17.473665
14.106571
22.182715
9.747159
9.510417
17.751586
3.270992
5.219783
16.952638
8.991709
22.195071
16.303816
19.566586
5.889128
11.311731
19.332662
9.477876
5.409866
12.746713
7.912092
8.098816
11.606293
4.465036
24.616958
7.312888
5.648097
6.170471
6.718774
16.423367
19.289050
12.996044
22.745039
6.045588
17.279513
13.541266
11.753694
26.700583
6.668706
16.327836
19.635950
20.028303
6.553076
11.510180
11.288577
18.468080
21.034477
18.026246
4.314041
9.465646
6.301695
23.602002
5.263352
12.933495
23.652368
7.709672
18.599549
4.681699
12.458066
16.321310
22.804532
14.270803
1.825240
11.902383
7.661053
13.294708
22.134328
13.151351
15.638057
34.559774
7.841832
10.787222
12.405632
3.589944
12.066846
18.381024
26.514615
26.268883
36.449241
14.680620
18.075922
15.430220
3.005773
19.148785
17.752018
26.026111
17.910062
18.160026
39.386364
10.466497
15.161109
14.444664
28.092724
21.583714
15.767486
14.243784
17.766043
29.386673
29.560867
16.711013
8.330947
29.025167
6.493087
30.175355
19.041098
13.831134
17.785465
12.622798
13.875226
28.685540
19.187324
34.587181
7.278362
30.453083
28.847043
20.887826
11.873660
24.717817
33.857438
19.333056
31.252609
10.964917
32.894718
47.308150
12.236756
22.167939
22.180748
20.885061
27.411033
16.489553
14.507966
56.669957
13.499410
32.645394
33.619487
30.945414
4.711946
25.814398
27.799055
29.326448
6.250252
29.039340
55.339840
16.520055
21.192754
48.093177
68.275968
13.807634
55.168706
34.436495
27.385855
12.413085
26.866218
35.513927
59.994930
24.517632
70.596390
46.165041
14.566248
13.752241
14.789288
27.581351
31.302085
13.499513
27.417273
28.470006
28.897091
31.338444
41.382825
19.029582
15.947564
10.082035
22.953807
56.558364
53.147177
35.028770
48.433495
39.827412
23.952629
12.736928
27.303140
33.229486
32.187601
8.350969
19.742254
60.216516
26.002278
26.118030
53.974874
16.551113
21.612365
6.062524
23.376675
32.324067
27.181479
41.789696
20.018682
21.738335
38.831234
40.324579
4.838640
10.323063
21.466201
16.970922
30.183106
38.779260
13.205528
24.762039
20.184514
40.243202
18.851811
16.030382
22.722652
9.474849
15.879146
20.307668
11.664174
9.192386
6.302290
34.492951
14.155683
26.872372
19.004227
9.293967
30.015982
16.932734
31.717386
14.946528
15.215922
19.205518
9.626535
4.333753
38.193291
12.239964
17.221498
8.679425
10.181548
11.358047
17.205940
5.273293
17.826007
16.459147
25.011987
17.809221
0.302015
11.756110
16.572889
7.508963
12.110370
19.315813
5.571119
16.383280
8.851806
10.569347
6.897842
10.962988
10.837877
9.398188
10.256226
14.074878
9.506324
10.529086
18.329806
17.418323
7.775926
3.687044
17.453170
8.816272
13.347166
10.613353
11.879430
4.904659
9.752618
10.265602
12.052994
5.492701
9.990354
8.629843
7.849584
18.263831
4.173943
4.913092
9.184796
11.164434
5.143703
3.785022
9.957918
5.388980
7.300899
9.229577
8.881852
8.361772
8.932420
20.637975
4.388986
7.212398
9.295446
2.785811
12.429201
8.273044
5.872915
5.707480
3.664275
3.844117
8.003118
11.569368
12.281900
8.487584
3.707765
8.753504
4.826071
8.742713
5.211374
2.779923
13.951364
18.787276
5.211518
6.384933
9.986297
12.333874
3.960361
0.132252
10.752284
0.759222
13.422837
3.972694
9.629978
6.132127
4.242118
11.577364
10.379237
6.622653
8.129297
5.694673
11.025359
5.857757
10.540171
14.993783
10.574940
3.459748
1.841138
5.887379
14.020312
10.440691
3.021449
4.430247
13.295245
2.712041
5.783751
4.302248
8.761500
7.610691
4.574782
5.608388
8.060677
0.565217
8.771290
3.459366
13.294609
5.472390
6.178942
3.196416
7.701844
18.893322
4.423833
8.436007
13.001327
11.006137
8.083064
3.634498
9.605660
14.980603
2.753135
0.424166
9.230258
5.955904
9.810451
7.717138
9.420650
4.625375
9.027933
1.522566
13.067766
3.373528
6.082385
9.698854
4.518030
2.824593
8.541871
9.439951
4.615758
8.013692
3.538114
8.685842
4.809606
5.528394
7.425198
8.947481
5.490279
5.760868
7.082841
5.515398
1.870167
11.575545
4.050952
4.012197
1.806026
2.855510
12.990371
5.227176
4.725069
12.881492
12.727010
2.225082
4.929615
4.409475
7.069412
4.392400
4.945763
6.091817
7.896556
3.859409
5.226335
10.746696
4.010284
1.641558
4.552910
1.049252
8.402839
2.442088
4.805246
4.915506
2.723925
5.945312
8.388116
3.009225
2.542756
2.577035
2.025293
6.955599
4.269970
11.203515
4.225105
4.251545
5.556795
5.970879
4.445721
3.205834
4.167467
1.653492
1.370627
13.024380
5.531885
3.048256
9.316556
7.184571
6.010150
1.087255
7.224333
6.336272
5.407091
2.736493
2.391724
4.007405
2.129373
2.897170
6.027644
5.983668
2.815397
1.621341
4.116965
2.648838
8.368872
2.968883
4.341295
8.535389
1.564177
1.382131
3.141128
5.442462
4.165379
0.789562
3.140346
2.418609
3.458457
1.723557
4.862096
6.739214
8.623355
8.643827
5.439000
4.077466
4.983381
1.393018
1.084606
2.868545
2.267314
2.437450
1.589839
4.270190
0.521899
1.496356
4.463060
3.245390
6.430697
5.708175
3.147932
3.014740
0.788406
2.852130
4.324933
1.705131
4.133432
0.825391
1.722971
1.468524
4.353310
2.539150
4.394888
0.774986
5.857625
1.226431
3.623583
4.690263
1.419814
1.904803
1.658737
2.520090
3.621907
5.767513
2.114707
1.334931
1.446684
2.034322
1.479572
1.758315
3.426970
2.269078
1.390030
0.567048
1.808115
1.884602
0.734506
0.893767
3.612571
2.757000
1.815489
1.635329
2.746968
4.417590
1.134070
0.561517
2.397270
1.373056
1.837212
4.322382
1.615412
2.226242
2.001747
2.511190
0.867492
0.200936
0.783993
2.285255
1.760218
1.492107
2.548248
0.683446
1.235646
0.663882
1.621041
2.306657
1.492094
0.551010
1.202209
0.938534
1.746721
2.432909
0.594611
0.664733
0.553929
0.691161
0.796406
1.171384
1.833212
1.397552
1.653232
1.607373
0.960635
2.684202
2.071720
0.431971
0.542369
0.175056
1.735582
0.689051
0.740275
0.193654
1.079192
1.111489
0.534718
0.103256
0.553802
0.390475
0.849115
0.649903
1.057620
1.284143
0.445598
0.243067
0.410838
0.254049
0.826073
0.332363
0.283478
0.656459
0.394930
0.741071
0.773610
0.872039
0.229992
0.369300
0.478747
0.275679
0.118070
0.141830
0.355472
0.302829
0.563791
0.063615
0.196781
0.062468
0.198323
0.174642
0.250497
0.090800
0.100619
0.086396
0.141629
0.116250
0.109170
0.140781
0.125566
0.179102
0.158761
0.143869
0.177658
0.379462
0.129308
0.397870
0.055213
0.395549
0.387910
0.143389
0.308650
0.030759
0.718179
0.396477
0.353536
0.724284
0.937595
0.352580
1.041157
0.228646
0.355580
0.795362
0.596765
0.875695
0.498954
1.528327
0.525162
0.442809
1.395189
2.188133
1.069733
1.018268
0.574740
0.898356
0.353170
1.384219
0.930072
0.471578
1.657469
0.345421
1.461209
2.158060
1.237051
0.591693
0.596634
0.727606
1.613535
0.794046
0.645040
1.050525
2.215724
0.517071
1.625226
0.965231
1.541379
1.368514
1.899003
1.811564
0.510920
1.126721
0.444322
1.332427
0.707210
0.733843
1.719788
1.601819
1.622719
1.549627
2.563355
2.559864
1.354954
1.250565
1.157009
2.807049
2.355104
1.867410
1.685558
0.576644
3.876692
2.550166
0.553168
2.379820
3.699747
3.305916
1.499430
1.416104
1.590397
1.282778
2.544951
2.442553
0.288521
3.076918
1.826818
1.907357
1.580641
0.700363
1.037184
2.284961
0.717184
2.800171
0.994213
3.455803
1.813569
0.105057
4.091149
2.794030
1.574325
1.858540
0.702420
0.600682
2.342231
2.809277
2.969065
2.664775
3.570462
2.999931
5.065536
2.962047
0.713255
1.908250
0.154588
1.975725
2.157610
0.804238
3.576030
7.036175
4.721925
0.590028
3.879871
4.796382
1.010266
1.861212
1.874387
2.226887
2.209772
2.291197
1.180891
2.748076
4.062189
1.698984
1.128522
2.975571
6.294492
4.779147
1.005564
1.120501
5.489792
3.554030
1.858659
0.888997
8.896615
7.266587
3.453496
6.437193
5.347126
1.111244
7.843804
3.612800
3.629804
3.368599
4.872817
4.053475
3.822912
3.443803
8.285422
2.949499
1.274844
7.241062
2.077707
1.867786
2.801380
3.926378
4.297782
4.113080
4.182060
6.328605
1.352306
4.510856
8.031136
1.694951
5.257487
3.062429
4.177814
6.238686
1.527292
9.452183
8.029585
5.130815
4.641689
5.516765
4.833519
2.721098
4.015577
6.920144
4.509715
19.926704
2.130451
7.680748
11.593872
8.843773
1.773950
5.200905
4.818325
13.295960
2.665485
9.234791
13.443218
3.972560
4.190212
11.937142
13.802901
5.214327
15.494456
2.508306
6.464209
4.682190
9.741010
8.727841
2.798805
9.847924
10.727803
13.773055
8.320077
5.774905
4.192232
11.644150
2.045768
5.710394
7.332711
10.701055
7.615711
5.226121
12.481429
5.154589
8.173021
4.558413
10.888287
9.849926
8.027755
0.848888
14.043773
6.610205
4.461385
3.014020
10.546963
7.619832
1.260250
3.071292
10.001039
14.067054
2.019923
5.733584
9.836900
11.238080
8.981764
6.297660
12.220490
6.401951
10.580733
6.100161
5.196501
9.537989
9.744618
8.274072
10.376406
9.155536
10.990936
4.121822
8.812865
10.826327
7.971449
5.279754
7.871204
11.717280
4.916233
9.918164
5.672759
6.390357
9.555705
5.830200
6.996739
6.813808
2.294160
3.011694
2.701161
4.835543
9.262540
1.235904
4.083810
7.830095
14.830752
7.541401
8.637686
1.430366
3.586055
2.640055
14.497051
5.993912
11.155683
4.573223
5.492395
8.671928
10.577656
2.561645
1.304179
7.863939
5.101467
7.105729
8.964545
4.986761
6.098904
5.050101
4.910418
4.490227
4.951406
6.846549
1.822395
1.947499
10.011955
12.973527
8.950912
8.145953
11.864173
2.245700
5.096660
5.414104
6.031321
3.070615
5.982592
3.126712
5.286962
2.758572
6.893246
2.309705
7.547693
5.911173
9.571109
9.353694
12.601275
2.856387
1.596051
7.742106
0.920532
8.998040
3.438790
3.590736
6.685197
4.408951
13.890952
5.701843
4.900082
7.830146
2.511079
5.378570
7.094865
5.768935
9.668755
6.400599
2.812627
4.634663
6.743135
4.337545
6.402491
6.056673
5.752363
3.145582
4.211837
8.116306
7.474335
3.033111
6.079898
10.611632
2.437122
5.752046
7.617922
11.715704
2.843326
6.483250
5.464548
14.083383
9.626768
13.602613
3.259656
3.793939
9.584838
3.358223
5.626323
9.251396
11.453447
3.338661
4.592771
3.662945
10.013878
7.790235
8.278583
2.403618
4.670171
2.765608
5.807847
6.451994
9.458951
11.100397
4.025659
3.649749
15.186941
12.258744
8.109711
12.411359
4.852636
7.539263
7.892421
0.930290
4.181298
7.281525
4.132046
6.199038
11.120351
5.616793
6.076018
1.239787
2.420058
8.525442
7.822136
8.881685
5.208204
1.813297
9.573858
7.279735
5.562594
3.591909
12.862778
4.897568
5.708887
6.466406
6.999958
6.865813
3.714394
1.597782
8.478836
15.909087
10.456035
10.292634
3.522410
4.592193
5.201018
7.184367
14.437060
6.807927
6.868592
14.591132
4.041813
3.305968
13.971506
7.919316
2.743547
5.025909
6.761787
4.187411
5.606365
4.028967
4.234390
8.300966
4.576220
6.989733
8.890166
17.904003
9.290481
10.107956
7.340701
2.086966
9.827396
2.997687
9.952445
15.904410
5.941842
6.587499
8.526685
6.135412
12.703232
12.068116
12.330260
4.430673
9.964733
5.019375
15.657203
11.401345
6.976768
8.636122
4.149136
0.892657
1.986254
5.876131
3.451180
0.768035
3.341114
12.826242
7.967323
2.274170
11.866418
7.121416
7.498510
10.148964
2.577166
7.766690
5.714415
12.198437
10.682035
15.184899
6.035301
10.003494
7.997670
15.784357
1.762865
8.943273
5.997127
12.303671
4.981950
4.790210
10.632683
2.970445
6.385393
9.944062
14.320590
7.565677
15.866422
9.069688
2.893340
11.856477
3.958744
14.320402
13.318693
9.514512
3.629409
9.724733
10.949159
10.578646
5.392863
8.740679
5.224970
7.577417
4.563086
7.145813
9.998403
9.584887
8.945957
7.467386
3.358309
3.939714
4.925935
10.134201
6.332869
6.281560
15.451457
10.459801
1.692975
7.511123
15.234567
4.734412
7.691248
1.694846
4.719460
12.313196
2.042885
16.720928
0.634953
6.587172
3.020591
6.975677
13.058757
11.366656
7.555798
5.226904
12.101743
6.337780
4.426405
8.405141
7.614434
7.232558
7.079000
4.157088
7.697956
13.382404
6.546251
4.079104
7.359803
9.320555
11.152465
9.500317
8.188246
1.540020
3.927821
20.191653
10.943167
8.174768
3.106181
4.358830
4.352631
10.165726
9.118220
10.786505
8.383136
12.651012
13.002174
3.563046
4.480595
8.522288
3.498782
8.202886
19.777893
8.397002
20.979345
1.554305
5.763316
13.152587
10.386271
11.393318
9.775054
4.853290
3.224706
11.179023
12.227525
7.347015
6.165175
9.681601
6.635373
5.507994
6.047709
3.971074
6.852196
4.988086
20.706254
9.575883
12.705852
10.325131
5.189996
8.583287
6.018083
5.909153
11.524166
8.751354
8.535751
6.010588
6.065295
1.488409
4.287454
9.146590
5.606732
8.833931
5.612683
13.274390
16.137432
18.257538
4.653009
5.715002
15.735125
13.688734
3.249230
12.265415
4.194289
5.749265
6.736134
6.104577
4.931919
16.901478
1.567119
3.658519
2.391775
5.298394
5.991171
5.609068
8.384020
10.587568
2.351621
9.297272
4.986390
3.156727
8.976837
6.863829
6.245335
2.357212
6.261919
7.421774
11.082767
17.322739
6.413304
5.341702
7.140104
6.790728
10.181481
4.789752
7.837771
14.900700
21.239618
5.036350
12.833411
5.250931
5.207758
3.404306
9.242336
8.986931
8.566327
2.544418
7.759053
7.105315
10.242485
6.628710
4.581810
7.649341
5.542071
8.789914
4.989977
7.819676
12.206713
5.218209
12.248276
13.187129
17.222093
4.737205
8.807590
2.903336
14.547876
18.320806
8.632337
7.905286
11.384720
8.496931
5.214579
11.744580
3.504062
12.166782
2.988644
6.158204
5.878412
23.944765
1.260222
8.652924
8.124144
25.001972
11.069448
7.539907
5.022637
8.308198
9.209507
23.121668
6.938993
4.030493
9.378481
12.640633
18.307837
12.732052
13.068533
6.682955
11.373246
12.759973
11.822324
12.915385
12.582983
15.925252
4.308921
6.005432
12.798882
8.896882
3.268421
5.130424
6.151235
9.500772
12.794954
5.064949
7.692237
3.540508
3.776786
8.176301
10.129511
9.034254
2.317266
1.076091
7.229181
7.498130
8.230271
14.034723
2.507393
4.581714
1.628592
6.940273
15.222403
9.833833
11.459547
10.423117
4.981089
11.412789
11.922912
11.490270
9.076197
9.952086
9.583279
18.912394
8.671399
11.857309
18.213246
21.793692
4.580185
3.670600
9.739923
6.335134
10.250537
11.124117
6.806556
0.698327
8.381041
18.916864
11.338564
11.208341
22.367864
5.036463
6.600908
8.565161
9.205931
6.435919
7.608704
20.177201
10.074907
14.945817
6.024440
11.312750
15.008623
17.738102
15.542752
7.455123
5.819768
8.601256
8.275064
10.841299
16.484797
6.912811
15.768209
7.317850
5.529282
4.153605
12.650323
3.208810
9.748748
6.932945
2.305624
10.540412
8.195518
8.334759
3.260072
11.241033
3.579060
8.313909
21.121922
2.885044
8.839346
10.076686
19.672368
10.859799
9.003986
12.135571
11.266201
6.860258
12.519279
16.190139
19.555036
14.566105
17.273837
12.917820
4.650157
4.646928
21.729644
11.324503
12.180010
11.379458
5.847559
17.497587
5.135121
7.510678
8.761947
18.754820
9.247768
12.376402
8.080995
2.399167
5.007398
9.393091
1.768893
16.970336
5.024432
5.893106
3.570849
6.772660
3.838394
15.549938
6.014316
9.275581
7.942224
16.271678
14.680743
1.792755
13.920091
5.707788
9.838232
18.372921
3.659537
19.270200
16.796860
11.215760
10.809289
18.178985
17.227629
3.443918
13.749639
11.976030
11.117511
8.862977
6.627558
1.541946
13.106777
4.637989
21.030234
13.452086
11.334221
16.670133
1.737267
3.938066
8.688994
5.786835
21.555967
15.385363
6.690272
14.406136
9.172122
5.107869
6.526413
7.372025
5.971596
4.948083
12.130392
9.293003
21.419632
10.225257
7.854758
7.557035
2.694816
12.082553
19.400210
11.583135
3.053304
12.979261
13.197149
10.098938
4.406283
12.619365
5.211266
4.822398
8.661317
2.841941
5.640948
8.236871
7.633070
5.191246
6.936792
7.979884
13.968380
11.817791
10.696489
6.913334
3.550539
13.817553
6.590130
7.721981
14.429211
6.420031
5.797246
6.032106
3.867928
11.835801
12.194877
8.073141
5.945521
10.509310
7.811288
7.958485
2.137787
10.999342
1.449463
3.757568
4.246102
6.526137
20.330431
15.633796
9.507740
2.355196
1.566613
3.625867
5.953402
6.000651
7.020573
8.412460
12.594039
13.290499
16.671927
3.550427
7.548888
5.083854
10.693486
6.484236
2.488042
8.096036
1.446644
8.492510
15.698392
5.248863
11.039716
6.384907
5.071358
3.983248
5.947443
7.229647
14.670166
8.165528
6.379572
1.167442
2.713699
8.991694
4.477368
1.492330
4.925721
6.190830
6.922019
0.939245
10.006829
10.562272
7.020886
5.584927
7.680720
3.218432
8.073269
11.285464
7.939031
9.318623
4.687417
7.643266
8.348238
3.348238
11.052982
10.890680
5.076824
3.347507
6.254489
17.476838
4.626757
13.041391
7.418940
5.956165
5.212534
7.800431
17.694023
3.779070
10.007108
8.947085
11.093383
4.427800
7.006685
14.765811
10.040954
9.300934
2.420170
6.310919
6.259989
4.734419
7.645222
12.622239
10.253287
10.075682
5.122954
1.106552
13.943897
1.554042
15.995786
18.096874
10.596211
4.347907
8.728131
5.330922
3.667162
2.003177
6.874955
17.373438
7.306955
9.723436
3.192977
2.721160
9.292821
8.071089
6.551739
12.975334
8.037478
10.459431
4.337098
8.104857
8.319612
9.387135
5.182234
10.138506
4.342655
7.799856
15.822192
5.409386
9.522513
11.546221
5.235229
8.737655
10.248967
14.745775
5.672937
16.746396
11.055662
7.706747
9.400935
4.777045
14.404905
5.156809
13.090058
13.524631
10.844220
2.043892
7.047505
7.591488
6.606452
8.485820
7.482969
12.266617
10.995513
8.419110
17.307357
7.200872
12.181554
13.334472
31.841199
6.008207
8.793133
9.288420
8.578579
6.065636
3.049728
1.077494
5.547685
13.878050
6.297224
7.754807
4.912493
6.957051
10.323593
7.814466
1.986897
5.958179
9.330321
14.962893
9.721400
5.548933
8.719872
15.394832
5.004349
4.476155
2.828579
4.389432
15.464773
5.693217
5.756280
10.997575
3.470735
13.709379
15.060697
10.370633
3.990255
7.601024
4.875248
4.166586
3.558002
5.964098
4.937991
8.749475
17.146062
6.662635
16.105206
4.731622
7.436263
6.114065
5.050452
3.976609
4.470096
5.565201
6.382181
1.791348
2.422499
1.791132
4.555475
6.808985
6.440030
9.940712
4.353737
8.400665
12.559428
16.986430
1.208739
6.971780
6.909160
6.751732
7.159116
13.257109
2.066067
0.340184
13.162006
0.913182
9.097073
10.684206
2.003487
6.978756
4.178605
19.006356
9.514707
9.569231
7.815080
5.702934
6.182313
6.039614
12.725075
3.227946
8.073975
8.576179
7.368110
2.624833
1.536625
3.677692
6.656948
7.548744
4.106753
1.536420
1.950363
4.041183
7.761054
6.394153
6.239657
2.589107
3.837047
3.251994
5.054764
4.475150
4.409845
8.897311
2.776964
10.896706
12.202178
1.889378
7.096814
4.834540
5.453842
3.701363
12.191361
6.286029
8.523160
4.023818
4.048726
3.250407
8.227628
4.188033
7.367053
11.434243
4.223095
6.045855
11.102497
2.912693
3.990640
8.771736
6.042430
1.200323
2.773725
7.355512
4.786194
3.374262
4.572420
3.289699
3.192007
0.517703
7.470490
4.320065
4.300134
3.142422
4.639197
7.452068
2.361242
5.473232
10.012796
3.617164
2.719796
2.813267
7.317807
4.908130
3.788589
1.268730
7.598037
6.173143
11.896418
5.706509
3.346814
3.518608
2.797093
7.307376
8.068840
5.228386
5.222534
1.576192
6.440191
0.357486
4.661215
8.558559
0.825598
3.434018
9.001781
5.809787
2.433454
8.735348
8.051976
7.713099
8.491713
8.856192
3.294290
5.330404
2.053760
2.902357
1.721167
4.614193
9.719070
2.967075
3.377647
6.085427
3.838969
6.225951
10.418388
2.197496
4.404447
7.546392
0.954143
8.976499
11.114281
5.209741
3.197095
12.210281
3.314557
10.029201
0.876790
5.725373
3.434482
5.006353
7.958890
9.062292
8.246285
1.696165
10.003349
2.315162
6.419292
1.726455
0.786303
3.777629
11.547644
6.487433
3.245817
9.835470
6.684386
6.398057
5.683535
1.467225
9.837100
2.161862
12.892489
2.448784
5.127427
2.944639
8.677082
3.907197
0.944042
5.139536
7.425988
3.778790
4.030538
0.944111
11.051240
3.134310
2.500136
4.869960
4.830014
4.110833
1.453557
3.028728
5.622998
5.501068
1.831395
4.061099
9.587629
1.885251
4.675709
4.484285
6.014694
3.814320
1.598314
2.567119
7.753459
3.612637
5.597961
2.096137
10.830983
1.760881
8.808201
1.957724
5.875075
4.691277
6.195203
8.015084
3.354482
4.764034
8.967306
2.541783
0.537063
2.195568
4.208200
2.471781
7.319960
1.704014
7.272828
7.825820
6.776622
3.130536
2.011051
3.848836
1.118009
6.873671
1.609210
9.806848
2.793857
2.876064
7.321952
7.000563
1.579452
4.744656
3.956892
1.746117
7.816563
3.476600
2.839790
3.208247
3.142184
1.807886
5.834182
3.716329
1.870897
2.487186
0.491233
3.239532
2.912234
5.719526
4.769273
5.225197
4.380855
5.902461
1.242262
4.316014
5.794776
2.739652
1.293471
4.258326
1.867611
0.784335
4.326271
1.054077
3.427314
3.602406
3.653372
3.146616
0.922417
1.214508
2.501807
2.497893
5.577321
2.601103
3.519867
1.382863
1.131026
1.796101
3.711774
1.195403
2.104186
2.133643
4.010424
2.914015
1.063411
3.395110
1.716692
1.361597
2.710305
2.724239
2.563812
0.942421
1.629980
2.105223
2.737864
2.215499
1.600765
3.280590
1.074264
1.216228
1.781918
3.009529
1.177925
1.536122
4.595749
2.076157
0.874732
3.660766
2.643981
1.304141
3.745019
1.908027
0.736690
1.195828
3.488455
1.477699
4.305671
0.606237
1.992452
2.023579
2.483845
0.127142
3.554905
2.813612
0.690727
3.531853
0.924479
0.854762
1.970642
0.286559
1.327277
1.473073
2.186113
2.486012
2.761107
1.852028
1.241123
1.114339
0.871804
2.664186
1.092954
1.018277
1.094533
0.567627
2.435362
2.782092
2.638932
0.369901
3.658556
2.096585
0.832252
1.204939
2.164668
1.419554
1.402891
3.386451
1.050958
2.129232
0.550863
2.195647
1.333238
0.536100
1.833289
0.716743
0.951722
2.667865
1.931067
0.736970
0.540169
1.728045
0.496361
3.384169
2.639578
1.476603
0.787374
0.821000
1.526319
1.353501
1.097638
0.895141
0.785593
0.887360
0.263457
0.552608
0.909003
1.082515
0.730910
0.768067
1.370196
0.200799
1.920199
1.249098
1.000112
0.200936
0.652593
1.147950
0.908591
0.649125
0.674699
1.142751
0.430452
1.239217
0.349154
1.012100
0.820479
0.190893
0.918297
0.425337
0.824650
0.754097
0.509069
0.660256
0.778621
0.145474
0.581560
0.612501
0.488813
0.588017
0.652379
0.677634
0.634124
0.611572
0.562295
0.597890
0.609839
0.622386
0.580272
0.675275
0.534005
0.592127
0.557921
0.638755
0.417912
0.749143
0.698827
0.794213
0.565958
0.070466
0.494929
0.549156
1.253904
0.529627
0.267621
1.137315
0.633478
0.487626
0.875775
0.202526
1.000797
0.704509
0.497485
1.656724
1.055188
0.969731
1.439264
0.872813
1.374527
0.174046
0.981851
1.152798
0.866718
2.176935
1.313602
1.426052
0.708830
0.829791
1.725376
0.943709
2.606948
0.680503
0.416934
1.915501
0.694431
1.638865
0.653956
1.715715
1.212715
1.111609
1.043604
1.655578
1.193426
1.556458
1.575679
1.006681
0.393912
1.899417
0.868585
3.320506
1.766956
0.728851
0.729150
0.790545
1.261548
0.966826
2.452403
3.538382
3.614780
0.597074
3.145236
0.347266
1.618848
1.894823
2.603965
2.386267
1.849166
0.829041
1.016253
2.016065
1.104786
2.525195
2.807482
3.408602
1.424129
1.659295
2.860042
2.637948
2.594098
1.427334
5.314714
2.618843
1.675178
1.587318
1.965237
3.531971
1.708953
4.592258
1.554163
1.036329
1.024347
3.510080
3.437758
1.420671
2.485169
2.894177
1.106355
3.382739
3.068160
4.032610
2.172877
1.508782
2.887161
2.385711
2.824594
3.328979
3.557775
0.613543
1.945515
1.682401
2.211063
1.030728
1.121388
3.200054
0.811555
0.540120
2.878950
2.897036
5.180024
3.095383
1.849373
1.973162
1.824790
2.169817
4.798639
2.061859
6.371572
2.955980
1.081545
3.258888
1.449699
2.240890
4.781402
1.817375
3.295684
1.789210
7.083341
6.209642
5.826910
3.664430
3.560791
3.149228
2.178741
1.171294
0.257524
0.861256
4.730963
7.355394
9.134053
3.300444
2.332799
2.043091
0.227929
5.188080
0.999293
3.534942
3.805410
4.777744
3.191369
4.476123
6.148775
5.485757
1.718368
2.629157
2.560814
3.653688
7.908880
4.024502
3.193441
6.799229
2.161639
3.618317
6.107317
6.789816
7.762245
3.927964
4.215941
2.708931
4.398287
4.281570
3.414845
1.729446
4.468235
3.185775
2.698994
7.352157
2.987610
5.556589
8.000003
7.253720
2.245081
7.052786
11.063427
6.775950
2.061851
4.982740
4.331034
5.800889
12.650995
6.036209
7.570545
2.901309
4.147845
4.863623
4.536171
3.245504
6.193405
9.416849
4.165126
9.877343
14.219764
4.205391
5.502693
2.381090
0.835744
10.812998
7.371065
9.436454
14.462096
3.499405
9.325494
1.471061
4.117122
5.749725
8.110985
8.380534
9.612485
2.154507
11.685214
13.252824
7.982815
7.568409
12.434747
13.608307
2.566899
12.902331
7.562260
4.436186
10.243022
1.479153
10.695020
12.495282
6.134708
6.644229
4.553031
12.154559
3.040266
5.518956
2.318316
4.924945
4.290420
13.458088
0.983269
7.015054
3.846082
1.519983
6.063046
10.152627
6.981086
15.183449
7.454787
6.082589
3.813861
14.065802
5.166039
9.632426
10.428384
9.429721
17.818832
3.555369
3.510422
10.700484
14.968017
12.741528
16.906649
14.052063
11.132445
5.643371
9.508378
10.891908
8.044947
9.564981
16.860898
8.490553
8.105479
2.228103
18.433230
7.826810
2.824934
10.165660
2.703070
7.230432
7.671630
9.685580
1.863198
6.002018
9.233755
3.317367
11.747461
4.271857
4.858587
7.221181
14.791692
6.917168
16.017119
10.728762
7.827291
8.208825
5.414361
6.870468
15.482166
17.671909
15.091363
10.751148
5.969252
14.698685
10.357223
20.509126
7.716165
6.843293
8.971715
9.009385
6.961850
5.022278
22.944944
11.847661
11.994233
19.748526
8.947537
0.377046
7.153711
12.030569
10.893985
6.639150
10.614020
3.779428
5.252184
23.174885
19.461021
12.445830
9.054126
20.211785
10.715433
10.812930
10.275615
12.331906
13.192232
12.818797
5.724073
11.269726
13.111637
10.745299
17.508025
7.980522
2.053300
5.566291
3.115917
16.347665
9.799817
8.782748
8.644870
1.141524
2.715438
10.310719
11.570939
9.843169
4.740723
3.846250
9.122021
6.261348
15.589474
11.313835
7.501688
6.540356
4.033822
10.981025
15.708240
7.262523
5.422469
19.407449
15.671512
15.739404
14.907577
15.640565
14.572090
8.171777
16.620104
15.787555
22.919659
16.116732
12.110647
5.284622
9.209505
29.637596
11.701379
11.094092
6.209034
9.860041
14.354862
32.636245
10.498538
11.688892
1.685519
31.641125
8.120920
8.444461
4.221684
16.078440
4.984822
16.194094
7.093484
11.829252
15.810109
10.619725
11.818971
25.095857
19.911174
3.740860
12.256152
6.597361
24.473195
18.672509
17.080021
7.271540
17.492506
11.284468
7.411141
12.864472
7.677911
11.325624
6.676370
9.865897
14.759371
10.255038
11.645511
4.051990
12.340985
13.046814
14.034196
4.881599
7.517679
7.640961
19.265840
7.508035
32.112175
22.373747
12.089658
7.060234
15.735991
10.202340
11.264048
8.387255
9.659568
26.656709
17.159202
11.446666
9.703370
3.735083
9.892046
11.166036
14.486767
5.318989
7.685267
15.093433
3.767081
17.215791
13.632180
9.134812
9.497534
8.790232
3.867050
5.958095
2.496372
27.761756
8.281812
9.964134
11.468171
9.824933
7.190246
20.813014
5.748228
22.986780
27.025214
9.797740
8.215558
31.242940
27.914905
22.655150
9.623930
15.107493
9.940446
15.776680
7.456529
2.346827
10.649505
10.842544
14.984858
15.817540
20.826079
10.311655
10.802705
15.306787
9.509224
18.466605
23.257673
17.298213
37.946086
8.896170
12.797755
7.163005
10.968447
10.461829
12.242086
18.195312
11.364310
13.547475
22.814860
21.334453
5.873800
9.239678
18.705016
21.679972
19.788405
25.555414
11.034316
2.959655
40.495977
16.118485
38.609830
15.832153
7.120182
16.561197
8.978989
6.969791
26.083742
25.464370
16.612170
21.894159
18.339276
20.453076
8.626851
8.759321
6.104029
16.689171
22.483860
41.561778
8.186289
3.066379
17.110629
19.547917
23.357607
19.737824
15.678482
8.599845
13.947312
28.267738
16.342919
9.014566
15.277806
15.402002
16.167209
17.926458
9.405466
13.982230
26.525929
11.609785
16.392014
25.149035
28.850950
15.237376
6.509900
14.818827
1.417834
37.254359
4.431460
27.562862
10.666505
3.958726
17.555450
10.907390
34.897878
17.151013
4.048148
24.175664
35.802386
14.786475
14.929465
23.772972
11.692314
9.179205
8.115405
17.851012
21.215665
22.623983
24.058731
17.296300
11.107129
18.107492
12.469908
21.299372
13.294215
25.977544
26.652171
23.908722
9.030521
23.310419
33.060023
35.670401
9.836998
29.594093
7.130861
22.636340
40.209027
19.167105
36.420084
25.491177
16.450162
7.556668
27.483255
12.406197
12.797064
32.074205
15.710160
23.241736
4.451487
41.359973
21.116816
26.574360
15.887219
40.514275
28.395978
32.718148
15.186076
21.069740
7.098034
27.618329
20.396293
19.294289
32.372306
6.172762
21.923438
35.572480
9.386415
2.265970
9.723234
16.387951
5.616959
2.649300
11.626769
24.605538
19.695988
32.581583
44.766036
14.506385
28.815979
12.916973
35.583729
35.013386
37.163891
17.895298
25.106723
19.509006
17.651099
47.057810
29.627011
9.058105
29.485569
6.297893
22.113708
30.417812
28.221885
54.478852
27.064073
21.490909
14.148273
25.451186
13.186814
12.388170
17.353698
13.146268
21.079334
15.691732
8.587465
24.949993
44.306884
10.422327
12.977385
46.807026
22.142895
22.027773
46.763074
23.323790
16.865383
15.085348
11.515734
33.900130
34.516094
52.619324
28.231022
5.351782
12.347856
23.006396
23.629481
21.782127
19.289187
16.654652
43.940790
12.351800
19.136359
25.145271
33.113218
6.281644
18.123464
30.965669
27.450546
30.032068
8.584097
4.443150
21.556194
19.983559
39.807937
22.186973
14.906422
26.306641
15.206754
3.432552
28.784853
27.657727
17.855595
45.811743
29.990442
45.483890
56.556366
13.625656
15.118764
41.808799
35.713270
24.475229
22.103752
10.580352
17.880434
9.236300
31.966341
30.181334
38.931748
14.284389
17.973855
13.127000
45.153236
36.601522
22.335131
13.379046
38.322926
15.217823
13.128385
54.964486
39.038821
57.316307
22.321511
26.574105
11.692422
48.366183
31.575983
23.920513
10.160903
44.448432
25.556902
12.794878
31.640073
34.481464
17.987847
13.489716
24.733325
26.116951
27.751856
18.849212
29.436003
20.277008
12.390422
28.230381
42.795148
25.599579
31.618779
24.127626
11.299982
35.372963
22.224801
25.912917
63.416261
20.176517
30.710789
16.513002
15.875202
41.813398
4.232541
36.245249
7.562971
13.536365
59.717696
44.437313
45.754068
28.393416
36.411211
11.155283
33.364201
13.487062
25.892481
15.257131
29.394176
15.158985
30.043621
27.013088
25.535984
11.384094
59.802658
41.381993
45.481625
66.241148
51.462443
10.107383
9.417061
35.672434
25.780841
23.383874
25.876134
26.565866
32.221481
26.562170
47.800775
38.218053
27.410577
42.484542
7.235945
14.040204
57.787376
47.532611
30.479326
25.218528
62.238042
33.370139
81.407626
15.067507
20.240410
7.953540
49.238032
43.457531
85.610662
45.285316
23.628117
7.221604
54.192251
28.500544
16.157156
17.952752
13.560161
40.697232
42.132398
35.043110
57.837397
38.797602
34.786749
60.792116
30.558083
72.503456
49.332722
32.865808
50.277467
68.628548
55.705103
26.312199
70.265014
58.937179
67.031332
54.013940
63.703364
62.671604
34.192465
40.641878
70.517729
42.715878
82.298205
42.776903
60.882764
76.249760
67.329859
39.280104
14.259722
97.565655
69.656162
21.552671
8.764223
54.196936
75.170132
21.248860
31.942774
47.659580
102.194692
6.299164
58.433343
72.731875
80.205466
34.187408
60.993837
38.888023
93.853513
39.248952
57.722292
82.288580
56.555714
44.208368
15.864146
91.347637
32.599741
45.231726
66.103357
110.484406
86.246438
79.470019
23.170258
71.500666
79.459747
38.155020
54.094046
20.448773
130.355032
44.393326
117.139017
101.308073
36.347069
34.502341
116.031708
80.520620
23.577788
116.761312
42.547181
45.897195
16.433650
80.296744
104.596182
69.773653
20.125691
183.724767
42.263501
64.016304
38.151558
25.835302
46.522820
53.364977
44.470938
49.479900
78.803536
92.308609
15.081420
62.481182
41.720561
30.255047
53.192608
17.802412
82.548410
46.977212
14.460050
65.565185
44.275607
43.364656
46.348154
42.376057
29.774318
20.407875
21.906883
80.244141
14.619417
32.062788
92.736449
39.665658
42.799264
45.511808
56.256192
39.630770
43.176911
42.231543
93.734024
12.469544
63.706813
77.136937
41.152467
88.405122
109.473211
11.418720
22.384134
45.202321
68.868112
15.121742
12.712695
62.681287
81.611704
40.018975
15.703631
23.861070
54.795211
36.364441
17.311572
31.502875
29.822543
30.806402
26.599021
25.448358
15.657673
69.173200
57.721400
8.090315
69.471044
106.999138
55.467826
13.424594
34.083821
29.659374
2.833869
28.898329
12.390719
46.544355
83.503121
49.198682
58.425948
43.241510
49.814895
49.261609
41.148222
8.909833
13.202812
33.630023
27.926617
49.650552
73.019305
1.949722
34.925483
66.188448
18.329462
52.733521
14.101974
45.063568
19.877769
15.646889
31.112883
38.836313
36.660652
64.201077
7.053600
50.528020
55.860150
26.687843
37.119741
30.162689
32.077235
73.770378
86.059624
54.299017
13.756628
59.521051
96.447221
12.895371
42.625180
46.729453
62.209570
75.657442
32.528727
33.652407
34.508603
71.731134
70.179606
46.807180
44.410800
47.266192
48.239465
24.837508
19.985793
38.765166
15.587132
33.606332
13.443485
57.044999
61.504291
43.633053
57.306469
34.388189
58.085835
16.799199
85.153888
38.759392
25.020239
29.533776
70.062118
26.018232
23.096990
26.484097
50.475268
93.286346
63.126697
21.226759
84.150675
21.675937
52.696850
69.635978
22.747892
45.879244
29.419798
58.123367
63.186764
133.268880
86.644272
34.188714
32.172290
102.227642
29.547824
58.971864
41.648812
62.878549
33.341615
29.825673
93.582667
24.581370
86.890376
66.524030
42.161474
35.008788
100.124967
11.681647
28.276129
30.390073
82.406642
59.377565
12.510026
62.762096
22.037335
82.931294
82.922983
95.431940
57.852891
105.935318
22.883844
65.222526
26.557316
25.072115
46.056680
44.254910
15.473444
89.434882
57.448699
55.233375
27.578556
44.439455
67.386278
33.441373
121.985091
39.803337
39.112725
4.577092
32.421572
23.154340
62.294255
53.619917
34.121568
102.126688
74.910521
61.598119
39.115627
49.221866
33.648266
18.097794
66.680407
25.280213
40.149242
12.902816
24.301990
85.830791
77.936987
37.842760
57.473850
28.942382
31.421924
7.490235
29.454125
63.271231
57.191956
12.383213
32.695448
32.391914
80.000475
13.603406
22.560248
25.095197
89.356243
119.252897
47.278732
70.089980
68.242184
59.735598
75.895146
42.369261
27.258562
21.723383
24.323164
29.664305
24.882678
86.134930
59.280526
30.261730
44.719200
19.031295
52.491469
79.682847
52.599571
25.321800
36.890427
23.022739
75.685214
42.267202
51.129866
71.891301
26.932238
3.589034
28.289458
69.938281
55.429147
64.785275
43.622353
115.307997
51.710546
33.201699
65.154716
16.384745
26.072696
109.282876
72.567117
42.848662
44.485419
69.095111
87.654912
19.939005
20.515573
46.394800
40.137200
14.067920
28.611538
54.521321
80.034548
39.115721
33.153523
41.965439
30.258247
25.670005
42.496348
119.207349
73.751985
51.618757
31.943396
38.137975
31.569306
96.852850
69.493574
26.470095
112.819719
16.552482
82.741152
51.064302
80.997633
25.278729
30.387553
18.005477
78.999814
33.790394
77.518627
49.143121
12.791558
56.173553
55.246750
98.301158
110.813074
58.376284
75.319346
26.669850
11.041522
73.641956
24.297124
43.185156
39.660441
45.352662
19.805026
20.327890
78.453008
63.379507
89.240748
138.713496
135.845482
104.040092
73.945935
24.492736
55.852902
36.673869
46.015468
13.782837
60.835247
84.135570
44.771926
20.232986
22.119945
127.683634
62.440051
41.127090
119.023359
35.993800
61.116411
24.466260
41.756466
86.602854
83.300438
39.743514
31.320934
55.767111
32.468840
37.513398
71.648658
86.444200
99.199263
13.850489
82.419771
93.867072
123.298977
38.395435
73.930227
168.314553
19.523649
20.811947
53.473116
41.121139
56.004652
73.914474
70.876361
51.547295
53.773312
138.583080
54.778013
85.221135
25.723718
31.136176
33.020542
37.594897
103.107069
69.857804
32.874037
57.988026
58.049103
27.238259
100.813269
14.263160
54.087088
20.281550
48.125999
123.394884
61.099508
43.485319
88.514459
67.592368
54.572593
49.237018
81.401806
50.782986
54.920652
25.535831
139.745569
140.671140
52.142350
57.159238
142.579719
32.752835
18.278421
43.932986
45.495223
126.083237
21.559694
57.144844
75.488234
62.710747
56.338076
95.909612
78.827278
56.675472
51.852525
88.864921
35.854448
82.444421
46.680288
97.102886
86.746575
27.015580
44.304834
97.230350
62.298384
35.527323
129.098736
15.730640
91.385402
47.139311
94.791575
76.616146
94.653303
58.485445
88.804484
5.814791
25.019860
145.739728
90.957706
36.009729
78.150686
103.493429
122.587505
81.192199
43.555407
178.254997
73.591216
31.656718
59.430189
52.492386
122.227008
30.476508
80.983478
5.420421
75.329652
52.965524
41.608748
70.107853
78.826011
40.579057
50.960430
25.829236
121.108739
38.437522
25.527431
92.095627
125.567340
52.356360
17.728477
29.023659
93.473506
132.416007
93.179622
49.606635
94.826999
51.051015
70.161903
57.024153
88.146857
98.055701
35.197746
51.149491
81.264412
33.933699
112.476023
6.844847
91.477876
1.664635
31.744590
103.530046
82.883040
52.190977
41.845993
157.140078
116.590884
21.518378
41.878050
71.965344
40.631127
73.206703
31.488870
68.126534
98.957311
95.376554
64.625201
31.604506
30.698891
46.540517
45.593069
64.741356
100.277124
21.705249
75.308237
56.571050
35.621849
163.788932
70.519783
64.301112
68.409354
73.097097
58.497260
41.121570
75.933252
28.794976
39.413442
84.823334
69.461288
39.110048
33.514763
141.086564
58.642009
64.386067
74.569790
43.073780
90.978828
76.487771
74.999166
37.393042
87.977799
79.160759
99.713984
66.442259
130.276093
26.217266
59.205944
130.291663
136.356296
77.614895
71.394941
104.345219
76.066997
68.946098
79.676258
80.182111
48.966047
76.162625
63.182931
119.574042
39.383224
138.353807
86.285913
52.864187
117.676389
84.842872
2.954925
126.670476
177.195541
118.107350
125.902368
35.908930
120.205381
78.700969
72.717011
62.416887
121.625445
84.377776
267.084450
29.614501
66.911265
132.212820
104.338403
104.994693
220.638270
117.628982
206.191749
65.368465
129.157275
183.302621
98.321087
235.390443
43.236177
63.355908
80.094246
136.454562
108.699289
65.400170
153.380940
108.919299
127.926946
269.073712
136.826839
164.701516
88.377745
259.413514
201.512379
113.965217
141.928395
69.787852
33.200746
267.534874
256.537774
144.516365
131.133357
275.528677
179.645105
210.943545
154.258358
38.489819
140.569654
106.900291
350.037797
168.768103
169.051015
388.693668
126.736194
54.904472
208.662758
215.050897
175.855731
80.327529
154.165947
255.529142
309.818169
221.877345
337.963360
360.141549
144.309317
64.533760
100.166278
120.416698
259.691546
196.051791
181.740816
179.777480
172.048544
83.845148
194.490579
172.641439
90.883287
84.414949
89.630247
287.867787
0.468282
0.341770
0.255000
0.169056
0.414715
0.468801
0.385061
0.070098
0.070098
0.385061
0.442285
0.601504
0.442285
0.335149
0.222250
0.222250
0.335149
0.442285
0.601504
0.368778
0.569658
0.368778
0.601504
0.442285
0.335149
0.222250
0.222250
0.335149
0.442285
0.601504
0.368778
0.209364
0.113663
0.209364
0.368778
0.335149
0.222250
0.222250
0.335149
0.442285
0.601504
0.442285
0.601504
0.368778
0.569658
0.368778
0.601504
0.468801
0.414715
0.414715
0.468801
0.601504
0.442285
0.601504
0.368778
0.569658
0.368778
0.601504
0.442285
0.335149
0.222250
0.222250
0.335149
0.442285
0.601504
0.368778
0.569658
0.368778
0.601504
0.442285
0.335149
0.222250
0.222250
0.335149
0.442285
0.601504
0.368778
0.569658
0.368778
0.601504
0.442285
0.601504
0.468801
0.414715
0.414715
0.468801
0.601504
0.539250
0.560967
0.560967
0.539250
0.601504
0.442285
0.601504
0.468801
0.414715
0.414715
0.468801
0.601504
0.442285
0.385061
0.070098
0.070098
0.385061
0.442285
0.601504
0.468801
0.414715
0.414715
0.468801
0.601504
0.368778
0.319119
0.280103
0.280103
0.319119
0.368778
0.335149
0.208595
0.346358
0.194456
0.352674
0.401541
0.569658
0.368778
0.601504
0.442285
0.601504
0.442285
0.335149
0.222250
0.222250
0.335149
0.442285
0.601504
0.368778
0.569658
0.368778
0.601504
0.468801
0.414715
0.414715
0.468801
0.601504
0.442285
0.601504
0.368778
0.569658
0.368778
0.335149
0.222250
0.236405
0.397956
0.628577
0.569292
0.368838
0.314959
0.070098
0.385061
0.442285
0.601504
0.442285
0.468282
0.319039
0.073222
0.208595
0.335149
0.442285
0.385061
0.070098
0.070098
0.385061
0.442285
0.335149
0.222250
0.280103
0.053937
0.280103
0.222250
0.335149
0.442285
0.385061
0.070098
0.070098
0.385061
0.442285
0.335149
0.222250
0.222250
0.335149
0.442285
0.601504
0.368778
0.319119
0.280103
0.280103
0.319119
0.368778
0.335149
0.208595
0.346358
0.194456
0.352674
0.401541
0.569658
0.368778
0.601504
0.442285
0.335149
0.222250
0.222250
0.335149
0.368778
0.319119
0.280103
0.280103
0.319119
0.368778
0.335149
0.169339
0.337257
0.169339
0.335149
0.442285
0.601504
0.442285
0.601504
0.368778
0.569658
0.368778
0.335149
0.222250
0.236405
0.278777
0.519437
0.468801
0.601504
0.442285
0.385061
0.070098
0.070098
0.385061
0.468801
0.414715
0.169056
0.255000
0.341770
0.468282
0.442285
0.601504
0.334565
0.301590
0.301590
0.334565
0.335149
0.208595
0.089480
0.089480
0.208595
0.335149
0.442285
0.601504
0.539250
0.560967
0.560967
0.539250
0.601504
0.468801
0.414715
0.414715
0.468801
0.601504
0.442285
0.601504
0.442285
0.385061
0.070098
0.070098
0.385061
0.468801
0.414715
0.169056
0.255000
0.341770
0.468282
0.442285
0.601504
0.368778
0.569658
0.368778
0.601504
0.468801
0.414715
0.169056
0.314959
0.185145
0.352674
0.401541
0.569658
0.368778
0.468282
0.341770
0.255000
0.169056
0.414715
0.468801
0.385061
0.070098
0.070098
0.385061
0.442285
0.601504
0.442285
0.601504
0.468801
0.414715
0.414715
0.468801
0.601504
0.368778
0.569658
0.368778
0.601504
0.442285
0.601504
0.468801
0.414715
0.414715
0.468801
0.601504
0.368778
0.319119
0.280103
0.280103
0.319119
0.368778
0.335149
0.208595
0.346358
0.194456
0.352674
0.401541
0.569658
0.401541
0.352674
0.185145
0.070098
0.385061
0.468801
0.414715
0.414715
0.468801
0.601504
0.442285
0.601504
0.368778
0.569658
0.368778
0.601504
0.442285
0.601504
0.468801
0.414715
0.414715
0.468801
0.601504
0.368778
0.569658
0.401541
0.352674
0.185145
0.070098
0.150117
0.222250
0.222250
0.150117
0.395422
0.363958
0.442035
0.368778
0.601504
0.442285
0.601504
0.468801
0.414715
0.414715
0.468801
0.601504
0.442285
0.601504
0.368778
0.569658
0.368778
0.601504
0.442285
0.601504
0.468801
0.414715
0.414715
0.468801
0.385061
0.070098
0.070098
0.385061
0.442285
0.335149
0.169339
0.211080
0.211080
0.169339
0.335149
0.442285
0.601504
0.368778
0.569658
0.368778
0.601504
0.442285
0.335149
0.222250
0.222250
0.335149
0.442285
0.601504
0.368778
0.319119
0.280103
0.280103
0.319119
0.368778
0.335149
0.208595
0.346358
0.194456
0.352674
0.401541
0.569658
0.368778
0.468282
0.341770
0.255000
0.169056
0.414715
0.468801
0.385061
0.070098
0.185145
0.352674
0.401541
0.569658
0.368778
0.601504
0.468801
0.414715
0.414715
0.468801
0.601504
0.442285
0.601504
0.368778
0.569658
0.368778
0.601504
0.442285
0.335149
0.222250
0.222250
0.335149
0.442285
0.601504
0.368778
0.569658
0.368778
0.601504
0.442285
0.335149
0.222250
0.222250
0.335149
0.442285
0.601504
0.368778
0.569658
0.368778
0.601504
0.442285
0.601504
0.468801
0.519437
0.278777
0.236405
0.222250
0.335149
0.442285
0.385061
0.070098
0.070098
0.385061
0.442285
0.335149
0.222250
0.222250
0.335149
0.442285
0.601504
0.368778
0.319119
0.280103
0.280103
0.319119
0.471199
0.414715
0.169056
0.314959
0.185145
0.352674
0.401541
0.569658
0.368778
0.601504
0.442285
0.335149
0.222250
0.222250
0.335149
0.442285
0.601504
0.442285
0.601504
0.368778
0.569658
0.401541
0.352674
0.185145
0.314959
0.169056
0.414715
0.468801
0.601504
0.442285
0.601504
0.368778
0.569658
0.368778
0.601504
0.468801
0.414715
0.414715
0.468801
0.601504
0.442285
0.601504
0.368778
0.569658
0.368778
0.335149
0.208595
0.346358
0.194456
0.352674
0.435795
0.601504
0.368778
0.319119
0.280103
0.280103
0.319119
0.368778
0.601504
0.468801
0.414715
0.414715
0.468801
0.601504
0.442285
0.385061
0.070098
0.070098
0.385061
0.442285
0.335149
0.222250
0.222250
0.335149
0.442285
0.601504
0.368778
0.569658
0.471199
0.519437
0.479857
0.539250
0.601504
0.468801
0.519437
0.278777
0.236405
0.280103
0.319119
0.368778
0.335149
0.222250
0.236405
0.397956
0.628577
0.569292
0.368838
0.314959
0.185145
0.352674
0.401541
0.569658
0.368778
0.601504
0.442285
0.335149
0.222250
0.222250
0.335149
0.368778
0.442035
0.363958
0.395422
0.385061
0.442285
0.335149
0.169339
0.337257
0.169339
0.335149
0.442285
0.601504
0.368778
0.569658
0.368778
0.601504
0.442285
0.335149
0.222250
0.236405
0.278777
0.519437
0.468801
0.601504
0.368778
0.569658
0.368778
0.601504
0.468801
0.414715
0.169056
0.314959
0.185145
0.352674
0.401541
0.569658
0.368778
0.468282
0.302521
0.131968
0.140853
0.150117
0.222250
0.280103
0.053937
0.280103
0.222250
0.335149
0.368778
0.569658
0.368778
0.601504
0.468801
0.414715
0.414715
0.468801
0.487095
0.201608
0.306437
0.335149
0.368778
0.319119
0.280103
0.236405
0.278777
0.519437
0.468801
0.601504
0.442285
0.601504
0.442285
0.601504
0.368778
0.569658
0.401541
0.603924
0.410009
0.568126
0.403000
0.634977
0.471199
0.319119
0.280103
0.280103
0.319119
0.368778
0.601504
0.468801
0.414715
0.414715
0.468801
0.601504
0.442285
0.601504
0.368778
0.569658
0.368778
0.601504
0.468801
0.519437
0.278777
0.236405
0.222250
0.335149
0.368778
0.569658
0.368778
0.601504
0.442285
0.601504
0.468801
0.414715
0.169056
0.255000
0.341770
0.468282
0.442285
0.601504
0.368778
0.569658
0.368778
0.601504
0.468801
0.414715
0.169056
0.314959
0.185145
0.352674
0.401541
0.569658
0.368778
0.468282
0.341770
0.255000
0.169056
0.414715
0.468801
0.385061
0.070098
0.185145
0.352674
0.401541
0.569658
0.368778
0.601504
0.468801
0.414715
0.414715
0.468801
0.385061
0.395422
0.363958
0.442035
0.368778
0.601504
0.468801
0.414715
0.414715
0.468801
0.601504
0.442285
0.385061
0.265181
0.209651
0.209651
0.265181
0.385061
0.468801
0.519437
0.278777
0.236405
0.222250
0.335149
0.442285
0.385061
0.070098
0.070098
0.385061
0.442285
0.335149
0.222250
0.280103
0.053937
0.280103
0.222250
0.335149
0.368778
0.569658
0.368778
0.601504
0.442285
0.335149
0.222250
0.222250
0.335149
0.442285
0.601504
0.368778
0.569658
0.368778
0.601504
0.442285
0.601504
0.468801
0.414715
0.414715
0.468801
0.601504
0.442285
0.601504
0.368778
0.569658
0.401541
0.603924
0.410009
0.568126
0.403000
0.634977
0.471199
0.319119
0.280103
0.280103
0.319119
0.368778
0.335149
0.222250
0.236405
0.278777
0.519437
0.468801
0.601504
0.368778
0.569658
0.368778
0.601504
0.442285
0.601504
0.468801
0.414715
0.414715
0.468801
0.601504
0.442285
0.601504
0.368778
0.569658
0.368778
0.601504
0.442285
0.335149
0.222250
0.222250
0.335149
0.442285
0.601504
0.368778
0.569658
0.368778
0.601504
0.442285
0.601504
0.468801
0.414715
0.414715
0.468801
0.601504
0.368778
0.569658
0.368778
0.468282
0.341770
0.255000
0.169056
0.414715
0.468801
0.601504
0.442285
0.601504
0.368778
0.569658
0.368778
0.335149
0.306437
0.402170
0.287239
0.414715
0.468801
0.601504
0.442285
0.601504
0.368778
0.569658
0.368778
0.335149
0.208595
0.073222
0.319039
0.468282
0.442285
0.385061
0.070098
0.070098
0.385061
0.442285
0.601504
0.468801
0.519437
0.278777
0.236405
0.222250
0.335149
0.442285
0.385061
0.070098
0.070098
0.385061
0.442285
0.601504
0.468801
0.414715
0.414715
0.468801
0.601504
0.442285
0.601504
0.368778
0.569658
0.368778
0.601504
0.442285
0.335149
0.222250
0.222250
0.335149
0.442285
0.601504
0.368778
0.319119
0.280103
0.280103
0.319119
0.368778
0.335149
0.222250
0.222250
0.335149
0.442285
0.601504
0.368778
0.569658
0.368778
0.601504
0.442285
0.335149
0.222250
0.222250
0.150117
0.070098
0.185145
0.352674
0.401541
0.569658
0.368778
0.601504
0.442285
0.335149
0.222250
0.222250
0.335149
0.539250
0.560967
0.560967
0.539250
0.601504
0.442285
0.601504
0.468801
0.414715
0.414715
0.468801
0.601504
0.442285
0.601504
0.368778
0.569658
0.368778
0.335149
0.208595
0.346358
0.194456
0.352674
0.435795
0.601504
0.442285
0.601504
0.368778
0.569658
0.368778
0.601504
0.468801
0.414715
0.414715
0.468801
0.601504
0.442285
0.601504
0.368778
0.442035
0.363958
0.395422
0.385061
0.468801
0.519437
0.278777
0.236405
0.222250
0.335149
0.368778
0.569658
0.368778
0.601504
0.442285
0.335149
0.222250
0.222250
0.335149
0.442285
0.601504
0.368778
0.569658
0.368778
0.601504
0.442285
0.335149
0.222250
0.222250
0.335149
0.368778
0.319119
0.280103
0.280103
0.319119
0.368778
0.601504
0.442285
0.601504
0.468801
0.414715
0.414715
0.468801
0.385061
0.070098
0.070098
0.385061
0.442285
0.601504
0.468801
0.414715
0.414715
0.468801
0.601504
0.442285
0.385061
0.395422
0.363958
0.442035
0.368778
0.601504
0.468801
0.414715
0.414715
0.468801
0.601504
0.442285
0.601504
0.539250
0.560967
0.560967
0.539250
0.601504
0.468801
0.519437
0.278777
0.236405
0.222250
0.335149
0.368778
0.569658
0.368778
0.601504
0.442285
0.601504
0.468801
0.414715
0.287239
0.402170
0.306437
0.335149
0.368778
0.569658
0.368778
0.468282
0.341770
0.255000
0.169056
0.414715
0.468801
0.601504
0.442285
0.601504
0.368778
0.569658
0.368778
0.601504
0.442285
0.601504
0.468801
0.414715
0.169056
0.314959
0.185145
0.352674
0.401541
0.569658
0.368778
0.335149
0.208595
0.073222
0.319039
0.468282
0.442285
0.601504
0.368778
0.569658
0.368778
0.601504
0.442285
0.335149
0.169339
0.337257
0.169339
0.335149
0.442285
0.601504
0.368778
0.569658
0.368778
0.601504
0.442285
0.601504
0.468801
0.414715
0.414715
0.468801
0.601504
0.368778
0.319119
0.280103
0.280103
0.319119
0.368778
0.335149
0.208595
0.346358
0.194456
0.352674
0.435795
0.601504
0.368778
0.569658
0.368778
0.601504
0.442285
0.601504
0.468801
0.519437
0.278777
0.236405
0.222250
0.335149
0.368778
0.319119
0.163714
0.104513
0.253339
0.202140
0.169056
0.414715
0.468801
0.601504
0.368778
0.569658
0.368778
0.601504
0.442285
0.601504
0.442285
0.335149
0.222250
0.222250
0.222828
0.339398
0.243479
0.265181
0.385061
0.442285
0.335149
0.222250
0.236405
0.278777
0.519437
0.468801
0.601504
0.368778
0.569658
0.368778
0.601504
0.442285
0.601504
0.468801
0.414715
0.414715
0.468801
0.601504
0.442285
0.385061
0.070098
0.070098
0.385061
0.442285
0.335149
0.222250
0.222250
0.335149
0.442285
0.601504
0.368778
0.569658
0.471199
0.519437
0.479857
0.539250
0.335149
0.208595
0.089480
0.118729
0.104513
0.169339
0.335149
0.368778
0.319119
0.280103
0.236405
0.397956
0.414189
0.356236
0.378255
0.222250
0.335149
0.442285
0.601504
0.368778
0.319119
0.163714
0.113343
0.345489
0.287239
0.414715
0.468801
0.385061
0.070098
0.185145
0.352674
0.401541
0.569658
0.471199
0.519437
0.278777
0.236405
0.222250
0.335149
0.442285
0.601504
0.368778
0.569658
0.368778
0.601504
0.442285
0.335149
0.169339
0.337257
0.169339
0.335149
0.442285
0.601504
0.368778
0.569658
0.368778
0.601504
0.442285
0.335149
0.222250
0.222250
0.335149
0.442285
0.601504
0.368778
0.319119
0.280103
0.280103
0.319119
0.368778
0.335149
0.208595
0.346358
0.194456
0.352674
0.401541
0.569658
0.368778
0.468282
0.341770
0.395422
0.385061
0.468801
0.414715
0.287239
0.345489
0.113343
0.163714
0.319119
0.368778
0.601504
0.442285
0.335149
0.222250
0.222250
0.335149
0.442285
0.601504
0.442285
0.601504
0.368778
0.569658
0.401541
0.603924
0.410009
0.568126
0.403000
0.634977
0.468801
0.601504
0.368778
0.569658
0.368778
0.601504
0.468801
0.519437
0.278777
0.236405
0.222250
0.335149
0.442285
0.601504
0.368778
0.569658
0.368778
0.601504
0.442285
0.335149
0.222250
0.222250
0.335149
0.442285
0.601504
0.442285
0.385061
0.070098
0.070098
0.385061
0.468801
0.414715
0.169056
0.255000
0.341770
0.468282
0.442285
0.601504
0.368778
0.569658
0.368778
0.601504
0.468801
0.414715
0.414715
0.468801
0.601504
0.442285
0.601504
0.368778
0.569658
0.368778
0.601504
0.442285
0.335149
0.222250
0.222250
0.150117
0.070098
0.185145
0.352674
0.401541
0.569658
0.368778
0.601504
0.442285
0.335149
0.222250
0.222250
0.335149
0.539250
0.560967
0.560967
0.539250
0.601504
0.442285
0.601504
0.442285
0.335149
0.222250
0.222250
0.150117
0.265181
0.209651
0.209651
0.265181
0.385061
0.468801
0.519437
0.278777
0.236405
0.222250
0.335149
0.442285
0.385061
0.070098
0.070098
0.385061
0.442285
0.335149
0.222250
0.280103
0.053937
0.280103
0.222250
0.335149
0.442285
0.385061
0.070098
0.070098
0.385061
0.468801
0.414715
0.414715
0.468801
0.601504
0.442285
0.601504
0.368778
0.569658
0.368778
0.601504
0.442285
0.335149
0.222250
0.222250
0.335149
0.442285
0.601504
0.368778
0.569658
0.368778
0.335149
0.222250
0.236405
0.278777
0.519437
0.468801
0.601504
0.442285
0.601504
0.368778
0.569658
0.368778
0.601504
0.442285
0.601504
0.468801
0.414715
0.414715
0.468801
0.601504
0.368778
0.569658
0.368778
0.601504
0.442285
0.601504
0.468801
0.414715
0.414715
0.468801
0.601504
0.368778
0.209364
0.113663
0.209364
0.368778
0.601504
0.468801
0.634977
0.569292
0.569292
0.634977
0.468801
0.601504
0.368778
0.569658
0.368778
0.601504
0.442285
0.601504
0.468801
0.414715
0.414715
0.468801
0.601504
0.442285
0.385061
0.070098
0.070098
0.385061
0.442285
0.335149
0.222250
0.222250
0.335149
0.442285
0.601504
0.368778
0.569658
0.368778
0.601504
0.442285
0.601504
0.468801
0.414715
0.169056
0.255000
0.341770
0.468282
0.368778
0.569658
0.401541
0.352674
0.185145
0.314959
0.169056
0.414715
0.468801
0.601504
0.442285
0.601504
0.368778
0.569658
0.368778
0.601504
0.442285
0.335149
0.222250
0.222250
0.335149
0.368778
0.319119
0.280103
0.280103
0.319119
0.368778
0.335149
0.169339
0.337257
0.169339
0.335149
0.442285
0.601504
0.368778
0.442035
0.363958
0.395422
0.385061
0.442285
0.601504
0.468801
0.414715
0.414715
0.468801
0.601504
0.368778
0.569658
0.368778
0.601504
0.442285
0.601504
0.468801
0.414715
0.414715
0.468801
0.601504
0.442285
0.601504
0.368778
0.569658
0.368778
0.601504
0.468801
0.414715
0.414715
0.468801
0.601504
0.442285
0.601504
0.368778
0.569658
0.368778
0.601504
0.442285
0.335149
0.222250
0.222250
0.222828
0.201608
0.306437
0.335149
0.368778
0.569658
0.368778
0.601504
0.468801
0.414715
0.414715
0.468801
0.601504
0.442285
0.601504
0.368778
0.569658
0.368778
0.335149
0.222250
0.236405
0.278777
0.519437
0.468801
0.601504
0.442285
0.601504
0.368778
0.569658
0.368778
0.335149
0.169339
0.337257
0.169339
0.335149
0.442285
0.601504
0.368778
0.442035
0.363958
0.395422
0.385061
0.442285
0.601504
0.468801
0.414715
0.414715
0.468801
0.601504
0.442285
0.385061
0.070098
0.070098
0.385061
0.442285
0.335149
0.222250
0.222250
0.335149
0.442285
0.601504
0.368778
0.569658
0.368778
0.601504
0.442285
0.601504
0.468801
0.519437
0.278777
0.236405
0.222250
0.335149
0.368778
0.569658
0.401541
0.352674
0.185145
0.314959
0.169056
0.414715
0.471199
0.319119
0.280103
0.280103
0.319119
0.368778
0.601504
0.435795
0.352674
0.185145
0.314959
0.169056
0.414715
0.471199
0.442035
0.363958
0.395422
0.385061
0.442285
0.601504
0.468801
0.414715
0.414715
0.468801
0.601504
0.442285
0.601504
0.368778
0.569658
0.368778
0.601504
0.442285
0.601504
0.468801
0.414715
0.414715
0.468801
0.601504
0.368778
0.569658
0.368778
0.601504
0.442285
0.335149
0.208595
0.073222
0.319039
0.468282
0.442285
0.601504
0.368778
0.569658
0.368778
0.601504
0.442285
0.335149
0.222250
0.222250
0.335149
0.442285
0.601504
0.368778
0.569658
0.000000
0.000000
0.000000
0.000000
0.000000
