6695.622226
22.580515
40.313134
23.655171
41.321683
20.377322
38.489744
19.142579
67.799214
20.820067
62.464919
60.784979
11.586058
11.843506
44.472830
35.875463
46.376541
31.019371
19.523404
29.759950
76.999832
34.517313
78.276104
40.163554
14.136102
51.349907
32.565265
62.741211
51.316182
28.717448
13.170830
29.322806
44.240943
26.558528
79.175937
26.391743
45.599689
3.036965
20.955070
76.968468
5.212743
36.620374
25.633644
42.746710
28.891810
58.094247
56.046783
2.156863
22.730899
26.955676
14.615181
103.774488
34.796544
31.267107
8.780472
30.282963
64.934726
49.262359
15.797890
26.182751
55.526508
27.962103
50.150979
32.436029
17.248448
24.949509
37.582429
8.089066
56.965928
77.751239
3.806873
40.617474
6.520803
60.715478
65.547801
39.960787
20.096961
13.987858
25.639754
38.354491
35.955923
23.370672
42.837532
39.083975
46.687068
11.317346
38.704830
25.229912
63.567409
43.921354
65.985033
6.527344
13.005019
35.215457
63.641109
19.054685
17.157269
65.026461
53.574866
18.664694
23.047959
34.729796
17.437364
20.375876
31.563382
21.284469
45.527557
13.103585
65.723388
27.789963
93.392592
42.084893
13.291407
26.695625
56.134793
32.845077
73.798381
12.753630
30.762705
19.357782
42.112266
27.724365
23.600554
9.628489
56.001743
66.000697
24.158133
41.351884
16.242061
30.686360
25.953409
23.398663
24.294679
37.517502
33.976388
46.319767
23.721593
28.682921
45.947028
45.387333
15.620579
30.493328
31.731460
70.846410
54.371996
27.822903
21.148880
34.707050
39.917513
18.110832
23.703430
17.294389
45.608084
62.278112
49.308597
51.547748
71.303968
62.600415
47.335580
32.842959
8.578676
46.760630
39.058750
56.569341
5.422053
18.329964
36.256128
33.343606
31.838444
96.951608
39.144749
52.926978
42.437017
20.993064
26.091556
23.326134
48.363660
17.934985
35.685840
41.012768
55.145485
30.220492
96.981445
116.845143
23.897459
34.319939
37.335827
66.900978
40.969538
46.502361
27.881353
6.243581
6.361728
38.732605
52.796604
29.692460
39.787785
23.809808
46.345479
55.310516
23.566342
31.990445
20.003070
36.018436
8.315764
7.204659
29.401699
5.382428
32.411535
41.474996
20.521531
35.054094
16.402610
15.701564
58.795235
66.870303
58.377397
47.738865
14.260538
17.054473
53.648653
16.515847
75.637064
33.065510
20.827304
32.438807
23.639072
6.989440
49.318059
69.331412
25.810001
27.558821
21.502807
40.564355
50.712024
37.763243
35.173202
27.488753
16.803050
30.182452
37.437953
23.586343
13.286069
23.740014
61.961112
36.579861
61.025383
79.007595
29.536833
8.144685
11.340085
34.918606
45.323141
21.546152
13.209780
44.933754
16.994655
8.238901
52.122559
70.350232
69.839475
48.739655
23.389462
35.785926
30.032657
34.832651
48.728216
31.784081
35.828390
54.807750
50.847369
20.845110
6.728157
32.499979
17.755152
36.906523
29.677272
28.861708
38.232748
15.695118
13.922799
44.636630
64.756986
44.243545
27.667167
49.693404
30.658321
39.149970
55.911073
30.465019
44.951094
88.467794
10.743596
12.498406
30.964047
19.778960
32.035860
23.630079
28.256761
51.288146
53.403178
26.672906
58.569200
25.600933
70.994376
41.304633
34.278959
31.470453
23.170933
18.793934
45.220306
52.551808
35.447148
28.587962
21.486451
24.686418
43.710585
64.087521
38.124368
14.299963
14.202051
6.569120
30.240713
13.180956
32.757800
77.420778
37.799638
2.226920
80.683823
67.736753
10.183623
96.308157
55.754247
42.202768
54.482432
46.673362
49.737122
54.388398
30.154736
49.309382
57.533959
77.477231
40.992515
52.227253
110.413370
36.929450
64.735558
43.004108
25.473780
5.940376
28.270511
14.052926
70.558159
38.474763
59.400458
54.792834
48.636413
52.364462
36.055435
42.222584
58.099220
49.792868
26.807856
22.384146
51.451320
63.367593
54.285665
37.875408
97.656417
47.083472
17.858734
45.241994
52.498989
58.651904
38.126821
27.332584
67.843055
23.963153
35.112444
19.050248
33.422918
46.368212
59.618709
35.722422
41.766329
88.389438
19.692064
55.233094
35.074206
17.346267
83.060074
10.623160
9.461092
21.199343
22.040396
51.249300
27.999652
40.128200
34.386886
27.900714
11.861619
44.914439
13.731444
37.807921
31.523943
54.968195
64.326071
28.362444
46.243261
21.261038
33.050840
35.681441
53.294487
60.301898
36.942059
36.193587
76.174284
34.777386
50.851416
14.004070
23.060090
56.884202
16.858182
34.008111
41.334627
66.429527
72.285614
24.502918
11.002023
36.285017
8.398018
22.035253
33.166775
24.542526
38.738728
35.787891
64.865314
40.809745
31.552781
27.027447
18.591158
22.922617
30.161498
57.541199
33.923509
14.139493
45.684963
15.288970
36.532366
5.899902
51.738194
71.463521
35.941858
18.001215
7.090171
66.020601
68.721462
72.465211
45.918982
17.838117
45.511009
35.897414
59.404926
7.936608
45.608232
52.987506
43.654499
28.309731
41.518931
27.243340
26.238379
41.182098
32.974402
41.435549
43.397027
43.264297
14.796637
69.176686
60.806613
39.124146
51.973281
70.981011
21.042340
18.074793
27.423551
80.974963
3.422975
60.435865
48.940625
76.315960
68.931891
26.990763
66.105804
46.428369
17.552845
4.472858
37.626856
32.185745
9.339896
28.627943
50.258675
34.018448
26.700593
96.223883
38.903828
26.522602
51.434994
52.858729
27.511800
85.980195
71.902811
26.914714
33.807551
40.580330
52.731461
70.937249
41.941153
58.725989
62.523973
80.987280
48.358232
39.020388
18.727529
43.091896
54.909294
19.889556
12.631224
5.845481
72.321158
61.937065
48.953023
21.390040
42.598394
23.528642
60.369118
27.135397
19.989178
51.970915
40.107764
48.324760
24.892277
22.984085
13.829447
38.375982
29.182746
16.882708
17.697976
74.410825
65.817407
35.511445
39.273733
4.267388
21.122876
25.289693
26.993384
10.894376
5.104425
22.584909
29.594963
20.517744
21.762457
10.076288
80.805981
26.545862
40.131276
0.698038
41.172927
34.454039
14.946247
39.717120
38.961800
32.826740
14.707812
53.306782
21.638689
12.700804
19.853958
10.518184
60.142542
17.883991
43.056346
21.475008
12.185659
61.233982
31.957704
19.012573
25.822693
26.602423
22.384402
12.381738
47.954194
20.134479
60.005897
63.479748
34.883521
14.332271
37.549716
25.501631
86.216075
35.690282
63.276927
17.499815
53.356655
44.718185
45.740319
25.366671
51.025425
36.996178
60.308455
30.775897
50.942900
22.580998
69.090107
51.610477
22.172730
17.529807
23.498557
22.868514
39.473239
17.581041
25.485129
92.162889
6.597882
18.605288
23.218361
3.813049
50.624754
62.895126
29.630365
78.526190
5.659089
27.606485
36.920061
33.473448
28.223790
1.797694
25.104606
22.365384
96.250098
55.052910
46.287894
4.389468
25.627915
27.758009
41.395926
50.768311
40.828856
29.276567
14.620285
12.151127
48.416256
15.818988
79.001259
58.246242
31.578016
31.835015
43.436199
24.382313
49.815894
45.114949
12.794021
71.013090
70.984435
20.992587
47.234993
56.752580
49.265069
17.406595
8.362887
32.973229
57.936298
7.525188
13.553437
29.464653
30.046002
33.967477
41.576749
32.835601
29.807857
58.246924
22.956054
48.218145
46.545091
34.798356
31.637328
26.265716
84.706139
35.107589
25.781876
18.664453
89.550418
31.037362
26.427995
37.421424
57.495584
37.282054
49.383067
32.651942
38.119797
19.441234
42.338289
5.445478
63.847879
48.443968
47.454878
22.784462
24.086105
41.526360
108.978718
40.873521
58.458878
33.917620
13.837634
13.217981
72.553408
41.374177
50.915412
37.760501
49.143187
51.563540
11.556884
31.770379
39.805216
28.004570
40.345561
40.987993
20.880306
42.131259
77.277073
39.262223
53.895744
15.327580
36.056672
27.275987
73.511841
69.925855
15.608429
34.679641
46.142935
35.590575
27.771991
80.073558
63.318434
53.310964
26.774510
26.347727
16.756632
29.554481
42.159448
30.520496
24.582755
35.787298
33.645816
16.732115
41.740600
23.352780
6.257198
33.846483
32.161505
58.839798
62.368466
28.233422
43.258424
37.306411
33.632069
47.509890
22.378941
24.484369
67.682665
13.846722
21.453293
36.073539
45.265692
11.792562
37.940578
54.183565
22.593724
14.974480
71.828192
26.445311
46.072720
31.441789
45.220641
35.629597
27.344258
38.482596
21.947390
58.818631
46.533636
10.657736
44.797580
24.857755
32.415926
31.873107
17.794881
18.665160
41.485233
17.543338
53.875061
37.431051
30.963203
13.854231
33.581730
12.946338
17.730019
58.388489
23.846676
26.682776
22.149007
26.826659
9.954093
31.597403
25.414507
35.940145
24.164413
13.588381
48.130960
12.035717
56.462637
2.156527
29.640971
11.933678
26.961417
18.812796
35.488057
22.737364
27.594017
12.330183
26.012981
20.810346
49.161472
5.755822
36.839473
37.493090
3.646489
27.815755
26.637215
43.272060
7.224006
2.520482
14.098721
64.098176
50.910666
34.046131
6.416347
34.078118
19.325657
35.495859
36.609858
16.274525
24.609957
8.508790
50.985794
32.759464
13.534214
32.489446
12.871238
9.155399
15.207672
23.041385
21.169281
71.053078
51.174739
25.360089
19.768002
57.686479
20.706786
40.971002
37.837808
12.946818
35.807983
31.340908
19.767147
22.910876
19.115941
20.496084
9.562145
27.475744
59.315991
64.117332
21.146127
19.620971
13.190636
47.493718
30.483693
17.482531
10.039050
46.582466
29.679153
16.013662
41.123501
37.319559
65.438592
41.643251
9.645522
42.535934
36.049143
5.824415
24.915750
69.011182
28.414965
36.198517
41.050857
39.606832
24.716997
6.684287
15.507788
12.418795
12.029408
20.884206
34.174066
7.398524
22.591787
15.122517
17.373969
33.427622
49.169950
14.492095
27.463805
54.832688
33.459623
4.312402
16.035744
27.293468
44.283226
37.450478
18.957967
21.615186
39.382463
43.977308
19.575238
29.961493
31.401730
16.113209
19.514784
13.676034
9.153984
32.558430
24.733127
32.212874
40.096329
2.774593
9.673237
44.213521
31.184787
21.113922
17.249335
15.334781
37.383758
23.581297
12.588558
25.788814
15.681178
19.487656
58.496628
38.538823
44.506868
7.596970
1.232709
30.575880
24.103617
16.243225
28.769534
27.792544
23.417319
8.170796
34.695616
35.525433
29.307658
15.476718
12.707809
8.187615
36.089620
14.169616
39.568618
44.649581
20.692278
7.121386
13.552333
41.142256
7.496282
39.874096
12.153996
30.347093
25.449985
14.763055
25.813235
6.938716
14.092918
22.839960
31.798631
24.409096
21.327765
21.153694
5.243338
28.168125
26.406780
11.588044
34.820864
35.964086
26.118163
18.065748
28.169607
1.345894
25.438808
38.097656
17.333561
11.411343
23.492315
31.854663
20.572606
23.291014
39.447022
21.448460
3.513762
25.149414
29.750506
5.854993
14.074221
24.549836
57.642773
25.119989
21.277946
16.233350
8.038371
48.299523
37.214544
7.801364
24.645022
20.093282
29.473707
7.160051
11.147485
29.856870
54.846523
15.870820
40.927287
48.076633
23.201717
30.077043
13.338296
41.807373
18.588495
53.567074
17.836133
11.176911
43.849351
22.687575
50.094001
37.251109
40.827137
17.941758
40.429167
2.332910
22.629254
17.439456
7.216166
16.006717
15.536685
12.029242
9.762837
27.524215
22.251521
25.204945
3.408870
13.466880
10.176550
13.223485
17.427332
42.959869
17.437583
9.327844
19.173282
22.301561
15.042448
7.542818
35.038423
13.990148
19.622850
25.024310
21.362992
34.536879
11.962163
9.951901
16.320474
14.685311
5.629391
18.730816
17.102906
33.345368
23.985306
17.653356
20.382714
12.353832
13.221896
16.480060
16.469785
21.271187
11.070432
16.807417
7.065416
9.461036
23.696692
10.728159
20.365792
10.568170
16.251116
24.879405
8.661208
21.926320
21.358301
24.956316
22.491373
15.793913
38.855564
4.691759
21.459714
18.832648
11.000142
20.759899
22.348476
41.668740
11.979691
13.980766
24.624868
24.117402
37.221207
16.826997
9.206972
22.705759
17.705306
18.835903
14.176977
20.041548
17.951419
19.195856
4.980497
10.244436
10.355266
17.817394
5.158912
18.885125
14.515765
23.044443
26.810553
26.944086
24.729747
10.382016
19.506964
19.655929
10.436638
33.258678
21.757768
17.550890
26.755450
11.959638
16.611110
15.433683
22.376055
16.751025
27.603258
22.540148
8.972075
12.678648
23.784027
20.574917
19.661188
13.029823
19.057350
13.104832
31.888867
9.072412
11.323224
6.461023
22.836842
5.885204
14.126437
5.728080
27.889579
7.180424
24.484315
19.971678
4.531736
10.514643
4.006515
10.614728
25.791609
19.531495
20.851706
5.409209
11.257434
14.968897
19.073597
10.959044
21.525044
12.816199
22.811031
16.039081
19.861208
14.901860
12.799673
23.483358
20.954738
6.272632
16.328017
7.077245
9.053817
11.300693
10.514520
3.193087
13.401236
46.822157
10.594459
16.526108
12.080891
5.791350
5.694380
17.021286
25.531645
12.236724
15.916049
13.820074
6.348343
26.051148
19.279918
2.366592
15.462622
12.102155
10.967454
11.231513
16.749672
22.542993
3.555534
8.216385
13.576313
8.279664
16.384855
17.513011
17.033581
18.377734
16.221550
9.639060
12.243466
7.727070
9.945528
24.130627
5.225696
5.827601
9.071149
8.151024
17.895177
20.053429
15.831318
7.811308
14.404587
29.790347
22.994803
13.660791
16.479341
2.895132
10.949935
8.676434
16.216634
10.035976
12.461938
8.298862
10.202128
9.113196
13.818082
20.037771
12.683843
12.253501
13.192412
5.945672
11.660773
13.966539
11.546212
19.464626
9.012076
10.284837
4.769429
17.814110
11.484039
10.108779
12.414113
11.736795
11.253798
16.874971
2.371676
7.692354
18.774172
5.209517
9.279096
9.027020
8.847915
2.149643
0.992942
6.597951
9.530272
6.498961
14.346350
4.924517
4.314623
18.331098
12.396098
0.228543
29.205607
20.454021
105.886501
23.595467
5.011295
28.632922
14.672227
4.469061
26.530000
9.771570
16.128453
2.742336
22.175639
16.257384
4.907535
2.494780
12.596281
15.809291
17.857708
11.725789
20.097097
19.617481
10.011026
10.908298
18.248279
16.768861
2.596972
9.045187
10.186808
23.992618
4.629263
13.524113
13.781189
11.151595
5.691100
28.262849
35.524360
7.219939
15.427192
27.578333
26.765501
20.698755
2.596532
6.548715
9.574962
11.111664
7.517013
12.922477
2.904504
12.243951
1.511026
17.202133
22.622030
8.911041
19.818072
19.602275
13.548235
17.360014
14.991743
17.604957
9.314713
2.454818
3.229935
12.508244
13.797179
2.748240
6.747101
8.991896
16.239570
9.390798
4.255568
2.774948
7.992109
7.574133
14.227856
10.976363
0.690307
7.122493
17.195635
2.370616
10.160559
3.551016
11.358559
21.832601
9.421298
7.982703
5.785510
7.596237
17.604470
10.616231
4.971820
17.398482
16.695666
32.675766
6.009446
5.081499
24.375931
3.483746
14.382047
5.041841
24.599074
21.770069
13.778323
17.300825
17.046651
22.806288
12.611587
25.416581
7.768343
7.551836
96.737059
60.649109
20.719969
18.191770
22.057661
9.682378
13.636368
10.217548
15.330115
11.653340
7.546363
32.544732
16.908812
18.124776
16.495629
13.072071
15.661945
15.843691
8.581091
7.031220
15.355912
5.520489
3.149182
3.445706
2.402464
4.425651
15.110358
20.739273
9.421074
8.752061
9.811529
13.638802
8.867102
10.790896
2.276381
16.048241
8.376616
3.131036
15.076630
17.157681
6.544338
23.274935
23.254239
12.803199
1.026793
2.917927
7.273864
11.983098
6.933914
19.146481
4.033765
21.801055
18.631678
13.893849
21.885216
12.514644
2.550833
15.214526
10.434412
16.765445
11.778031
3.546790
2.435266
5.771189
7.272339
18.951653
9.653270
4.422448
5.929353
9.217657
19.739747
1.699987
6.055062
12.176893
13.309497
6.118022
7.227254
7.099960
9.646846
8.958109
6.539033
3.485237
6.741644
6.292187
3.959870
12.612506
7.285738
9.628397
7.529323
5.535116
22.784633
11.187345
12.110408
8.730995
7.733981
17.955631
12.604675
4.934768
8.143776
14.509132
10.885704
5.386702
6.257775
4.294570
13.048176
0.871213
17.463925
7.473155
8.189314
4.774750
10.146109
8.893083
5.153855
9.009807
9.587432
7.621184
6.056979
6.036287
18.111748
1.742567
6.151857
2.470995
10.927495
3.528757
13.918488
10.456853
2.615895
4.041271
3.298061
10.727022
5.915265
4.741646
5.721627
5.680264
0.685066
14.355727
15.509925
9.274655
2.590658
15.293281
14.181257
6.897160
8.363430
7.359603
21.000876
2.783797
5.440857
11.429734
6.182582
8.594121
3.859511
6.914491
11.934610
4.412949
9.080105
0.883874
10.973082
11.877689
12.682645
6.944720
7.926698
8.381658
14.535924
15.597830
3.900542
5.807947
9.564723
14.526778
16.101747
13.194129
18.676071
13.232652
7.315040
15.613575
7.319022
6.670092
3.849479
13.426066
5.381501
5.716248
5.677391
8.243421
17.803050
28.623751
2.465444
7.644403
2.584309
4.903894
10.820305
9.488746
3.794928
28.481739
7.569618
18.033402
8.021677
3.641946
7.760035
17.098885
9.335257
11.044999
6.045034
3.468390
4.589826
9.514076
14.000097
7.249540
29.417743
6.677507
13.346098
6.101800
16.510906
13.127155
4.690852
11.043244
8.239502
9.823891
8.599915
11.812876
12.207004
8.128407
7.204138
7.592963
9.188254
6.715710
18.889405
9.295824
19.593627
8.799738
12.970567
12.100943
1.368467
12.396491
4.427732
6.424628
3.154706
12.354271
11.679140
9.329640
4.955516
8.465764
8.734569
14.671678
12.673825
7.361206
10.601733
8.517278
9.268484
7.969533
6.576616
13.439080
6.946069
6.365145
7.251917
5.294849
9.912089
11.816954
5.857591
9.207692
12.285326
11.128819
6.758232
3.792756
4.951796
4.579608
6.970155
9.103157
13.201586
16.554560
7.155605
5.120861
17.549475
7.963585
8.724535
10.211117
12.217210
6.789562
5.197841
10.289809
3.751837
6.914518
11.869493
6.952809
6.494541
16.376595
9.183051
10.251144
11.196938
9.566331
5.754662
10.548848
5.144084
14.670118
4.746139
15.682361
13.648834
8.546134
8.187282
12.287055
2.251705
21.167162
9.292281
11.912301
6.990307
19.464188
17.600681
5.621109
1.114904
6.627390
11.573317
15.026197
10.356526
18.168029
17.672102
7.598570
5.045014
4.377489
12.442667
10.501725
11.258103
12.346243
8.027919
4.581668
15.335452
5.264614
10.707005
4.269393
4.689155
3.666305
17.324087
12.746723
10.477779
7.262458
3.430071
10.309429
2.170285
11.116974
10.814791
2.009228
10.268420
5.149039
5.153122
2.333704
11.662337
5.344024
15.262548
16.920623
4.753134
2.949631
3.622271
4.895801
4.854428
1.216304
12.016235
9.708133
6.341723
6.749079
11.120441
8.553307
2.889043
7.879260
11.606869
16.085168
20.722790
4.486506
7.646250
2.334644
9.333855
9.971907
7.672110
4.652616
10.673754
7.687824
17.592048
11.218109
9.088370
13.353034
3.556871
8.927978
9.056652
4.531570
6.800976
9.124560
4.389490
3.336807
3.026919
11.063386
1.561861
6.564069
3.839362
10.006680
4.961602
2.478782
9.441505
8.971707
5.268555
4.830890
12.720293
8.386529
4.780539
12.877193
13.870490
11.443362
7.246583
10.467723
16.922853
7.302636
3.100356
11.877541
8.116846
6.803496
2.340793
6.150547
2.490023
9.310165
4.747837
5.231099
12.363401
11.010545
37.949621
10.067397
19.935524
1.093714
15.975462
2.250323
5.016569
7.926857
7.702809
1.531436
9.567970
3.184851
7.058630
13.872390
6.216899
14.727878
14.118937
8.743606
3.366263
9.843510
7.039717
8.052658
13.932578
8.280086
6.012915
3.262556
7.464945
7.215413
3.469341
7.322158
3.245264
12.080014
2.987140
6.514577
22.034715
8.238634
7.954513
16.220066
14.365978
11.854746
12.751440
4.259773
11.712809
6.233114
11.982388
7.840775
12.849677
6.423199
10.278876
10.932852
4.039552
3.116021
17.906886
4.340479
1.251830
6.799613
17.904608
6.374834
9.770200
6.572470
9.385962
6.959138
9.451432
7.002116
9.968144
3.032669
10.331846
10.984979
3.666047
4.270016
7.711930
2.598146
3.683418
6.771781
9.919892
6.587424
1.828288
5.626290
10.511299
5.205155
9.019195
1.974174
5.417319
0.801085
9.619572
4.991937
10.759049
2.644373
10.227186
4.902422
13.813925
10.969125
11.516030
3.860760
3.934208
2.963584
15.822703
6.475864
2.941369
3.019838
11.490625
8.638410
3.383807
4.513306
1.431070
1.731078
12.951451
9.800304
5.836318
4.794067
9.217242
3.240634
3.051149
9.623684
2.683470
6.707611
13.915501
10.085473
10.761321
9.131817
8.312224
10.462653
10.023107
2.205444
13.403927
14.521252
12.150662
7.948044
7.515182
8.773672
12.959652
9.818953
13.536947
8.261838
3.371119
5.063206
12.226118
11.278027
10.496722
6.615247
3.476323
5.579146
18.093994
9.154426
13.606414
5.068001
5.798396
2.493650
9.259706
2.569850
5.312374
8.609436
7.725913
1.194364
3.764116
6.953737
15.650189
7.460503
3.528832
6.408236
17.209975
3.818352
8.904061
5.533182
36.304382
7.424015
6.718164
9.737566
4.326796
7.960520
4.610476
3.226862
3.829243
0.679317
4.359072
3.425994
9.363875
8.830787
4.130560
9.083567
8.583004
3.038404
12.336063
7.109451
3.737969
5.847947
2.554906
13.334997
6.285545
13.113700
1.522447
4.422315
5.741847
3.410827
7.694380
10.463957
11.303298
2.511980
13.180951
12.948654
5.897912
5.715772
2.826444
12.292294
5.713242
4.116959
10.915373
7.067145
4.753659
9.282754
14.503560
7.811018
6.376396
7.666838
3.522440
5.864545
6.698081
10.456944
6.754882
1.370416
8.098636
5.414593
5.461116
7.031419
6.691630
3.117551
8.892746
12.154438
6.797495
6.337958
7.534934
9.199554
6.686302
4.302944
2.909650
10.395671
6.456636
8.743240
4.096756
6.991234
3.458546
3.698000
12.612856
10.177944
6.034737
8.297272
8.584562
13.054677
2.120431
11.812015
2.836988
3.557065
14.675295
11.324412
8.433419
6.220829
7.019353
6.581202
6.327232
6.014868
4.469884
1.984582
6.017906
6.055089
0.476243
11.580447
8.127929
8.786075
9.254543
3.854848
6.214235
10.769469
6.907506
14.502211
6.314757
1.666624
4.354653
3.943807
3.207311
13.451573
7.393568
16.182238
5.946788
13.621091
1.157056
3.427712
6.445137
3.501238
6.631384
7.591072
4.840789
9.713954
8.355380
4.604107
4.055189
9.975793
9.854068
0.677262
3.541745
9.772716
1.352057
8.190513
6.037602
7.361996
9.042379
6.575979
3.133592
7.965018
5.666896
9.483098
5.181862
5.723818
3.484604
2.746187
11.567642
9.791062
2.623403
8.535866
5.825903
3.658677
8.911938
2.896679
4.286069
4.626959
2.347826
6.843015
7.487435
4.905499
6.005230
2.421332
9.129208
13.880414
4.770974
1.662263
6.396552
3.556713
5.019928
4.250756
9.483637
9.840845
5.785847
2.712307
8.929453
4.617960
4.491542
5.452947
7.271894
7.008762
0.175068
5.239607
3.764438
7.139857
6.075329
12.280102
3.855030
2.927644
2.389338
2.918379
11.766713
5.131348
1.664843
6.354194
12.822957
5.600767
7.235651
5.801444
6.089594
7.476549
4.549035
2.466790
9.745280
4.978123
9.382348
3.311657
7.409638
9.125273
13.552167
5.880575
6.463605
1.731992
0.553522
5.764411
11.884386
8.561791
8.323267
0.452833
5.535029
3.513893
19.122679
3.957608
5.343577
5.135805
5.512469
7.603489
13.268971
5.758506
8.990150
3.095857
4.447671
8.777708
8.399692
3.246036
9.648255
6.699302
6.870548
5.357124
13.983375
3.489046
7.948929
1.637311
3.227672
7.471271
5.135346
2.592806
7.553831
9.829171
4.740533
16.850387
7.626480
1.631948
5.668569
7.681980
2.530051
3.856425
7.594703
1.910833
2.877121
1.343667
4.990092
5.833664
3.418994
6.701976
4.963083
9.570813
14.282079
9.461337
5.703462
3.412479
2.409590
1.495422
4.623080
7.068669
1.095593
7.417933
6.534953
2.648937
4.021048
8.126844
5.342548
7.644928
8.815135
8.489306
6.457235
6.318879
6.651192
3.058264
4.931576
4.972936
5.032258
3.795297
3.512869
4.075135
7.486265
6.694427
10.272275
8.617588
2.258860
6.852043
4.225790
3.390371
2.609091
4.944179
4.637024
31.147543
17.965311
7.445907
2.308436
11.905522
7.367495
7.646866
13.357510
11.499842
2.704164
11.576362
5.977520
15.693146
3.462787
6.533551
2.944882
4.951805
4.369704
9.315754
5.174921
11.728245
6.519861
6.110193
7.579349
5.341097
9.078358
13.988017
1.369477
10.093932
5.409882
5.713233
6.338517
4.460312
3.810673
6.473535
5.410122
1.987134
7.175021
12.950507
9.982491
2.497667
1.740161
9.120184
4.310070
9.568093
10.467895
10.640188
5.756227
3.241119
4.406313
13.357835
3.929601
10.501080
5.985394
2.037938
9.153724
8.728252
4.906860
6.899107
3.424101
15.143574
2.649454
4.654103
9.513061
9.030310
3.937533
0.531528
4.528590
10.456676
4.425558
3.314870
8.495180
2.421812
7.805148
4.681109
2.030367
5.790337
7.906022
4.389253
5.466399
8.257839
9.358142
7.597068
2.585540
13.194354
4.471461
8.223585
10.501816
7.613396
5.602561
9.758641
7.309978
9.339502
10.034256
3.482235
6.776201
6.241219
9.353410
5.384055
3.382996
1.785802
6.698585
9.614359
1.603622
4.972032
2.208554
10.819684
9.360730
23.118607
29.843872
6.917274
4.370720
10.883185
10.213028
11.121800
4.053444
12.642563
5.363737
8.055091
2.407136
6.376384
3.200182
2.617030
3.545610
8.626545
1.408211
10.441059
11.615010
2.461764
2.782208
5.368352
10.989915
7.218990
1.952227
6.573870
11.103175
4.886405
7.796356
9.197537
11.821034
4.845163
1.323555
3.208902
5.034905
1.599451
5.579029
5.842534
17.337581
13.500210
14.897857
4.658285
5.092590
12.548341
3.555709
7.401983
5.847374
5.164626
7.945787
6.500579
10.674825
3.855961
2.568462
6.976237
4.859161
1.916752
12.708381
15.080793
6.111258
2.176024
5.224055
10.301732
6.499851
6.509402
4.783213
11.858005
6.843300
9.873216
6.184506
10.499207
5.039998
11.068529
5.751308
2.190873
4.586281
9.741721
10.249998
3.948653
3.788340
3.043854
6.397650
8.424251
6.455425
6.629679
8.663243
1.657915
10.139380
7.503483
6.100253
7.366691
1.390547
14.982136
4.626742
2.758469
9.110490
5.962295
10.537657
1.216379
7.603538
4.832710
8.368825
2.891154
7.942499
1.779162
5.341818
2.333082
2.479335
7.759509
4.062404
4.827421
5.698109
7.946429
7.731513
1.658660
0.905336
7.595093
6.937213
2.201312
9.371124
7.634576
5.669553
2.751537
0.600469
9.186044
2.025920
5.956622
9.322438
7.636091
1.821033
4.688715
10.215785
5.066774
5.291045
3.167358
7.800238
2.657535
7.413755
2.159465
8.444188
6.614013
7.534046
0.710825
10.495844
4.396409
9.453468
7.653856
5.964667
7.483921
12.358204
4.114819
1.791261
6.734585
3.962574
4.382189
1.591607
2.748862
2.447230
5.097186
5.010222
4.477295
10.171046
10.046506
7.516988
12.690970
4.535880
4.350734
2.947503
2.343937
5.553618
2.081601
4.818662
5.426671
6.492398
3.749925
2.070858
10.218226
5.532940
4.315250
7.155832
6.662820
12.047692
7.647750
34.937525
10.755593
4.645986
6.855477
7.449587
4.157768
3.207084
2.562448
1.677795
9.996533
1.239286
5.920234
3.190593
6.235770
8.947229
14.481767
12.640127
6.618534
4.602412
6.260821
3.807760
3.409311
4.129892
6.482985
2.962008
5.171330
4.762780
5.855193
7.081255
4.396700
2.000617
4.999136
1.994145
7.908428
6.593044
9.934386
5.286649
4.321766
3.413916
5.828607
9.368464
6.431620
5.476559
9.210004
7.131046
6.849204
9.123760
1.864606
1.345514
5.816143
8.769504
5.970202
9.702395
2.864405
1.806710
3.896900
6.676236
10.212672
1.109373
8.092919
5.112341
2.669023
8.837382
4.542979
1.434411
6.365657
5.469045
7.826526
4.499399
9.737409
1.447166
5.444514
1.036408
7.869871
8.638300
7.093671
7.237548
6.856972
2.348139
4.453755
3.951981
4.036392
6.570182
2.669939
6.757216
1.611131
3.237852
3.677707
4.164159
3.054875
10.690002
1.119127
6.945659
2.863589
3.060162
0.817245
4.699737
4.533854
7.211465
4.592333
8.569033
2.557189
9.411317
3.158427
9.008679
7.453651
8.847150
7.642430
19.637149
16.120668
3.137229
5.110093
5.801688
1.700269
7.943019
11.750399
3.314012
2.136664
3.738966
2.269771
1.795501
6.549882
5.112155
6.537758
5.492214
3.378691
9.958611
2.235751
4.123929
8.222819
2.941271
4.330923
3.045740
5.509450
2.370508
10.690794
6.792689
4.722219
3.235878
6.511700
2.361707
3.495161
1.050204
2.741465
5.348552
1.877955
4.017948
1.830811
7.363685
5.955364
10.666460
3.000159
7.987206
2.806695
4.643186
5.519708
7.135655
3.809312
1.200302
8.077080
4.521860
2.620889
4.279264
3.314387
4.114526
2.710056
4.426413
4.815760
5.756300
7.029978
2.911360
4.330240
2.086696
2.083930
7.787767
8.773405
7.090011
8.545501
8.750859
2.395597
4.512838
1.918609
3.677805
8.920284
7.591254
6.150803
4.418213
5.408427
2.642297
2.490314
2.141122
6.293075
9.591431
2.156318
5.048459
1.385176
9.117602
3.951575
4.678384
3.055414
5.616673
4.969616
1.162805
4.027793
1.755701
3.808985
3.334162
0.603714
9.402699
7.757878
4.457648
0.476029
4.281884
7.418725
8.968301
4.323510
2.413015
5.751604
3.966838
8.404926
2.865676
6.295006
7.244101
3.660518
2.678232
8.419339
7.291521
10.516893
7.466018
11.258106
0.243196
1.465872
6.217992
3.410117
1.424539
7.168089
7.504933
3.281243
2.949935
2.444938
4.004752
4.957942
2.691262
8.119106
2.676941
8.803779
3.239156
2.707546
5.893708
4.232597
0.945738
6.362786
4.242343
3.945613
3.031164
9.899483
7.939680
3.920922
0.400429
2.399406
0.438293
4.845167
7.320137
5.369953
3.079111
4.848936
1.753395
0.868070
4.503431
9.497827
4.720274
3.917075
7.762434
1.932791
5.797795
2.064008
3.458524
3.589629
4.830001
10.828451
1.798347
1.118183
7.785204
4.853300
4.371803
1.555362
4.847408
4.664554
3.337548
6.586655
1.025898
4.183839
3.403353
2.706517
6.389871
6.640486
4.878231
1.087640
7.046895
3.395046
7.636379
5.924589
9.446224
2.756348
5.331868
4.240051
4.295572
7.071890
7.209866
4.414603
4.826941
9.062912
3.385757
4.429177
6.609028
4.284186
6.636503
6.764120
7.192577
7.250837
3.443644
4.532840
1.198742
5.308494
4.815084
4.799368
5.275629
6.184166
8.361134
7.206956
3.676586
3.477239
5.881599
11.970324
2.245086
7.350648
2.724786
3.324708
4.274118
0.590533
4.235733
5.561501
5.389162
3.327825
8.668115
5.691978
1.939971
4.854087
1.136721
3.785841
5.003297
5.340998
1.236579
4.910620
2.123413
7.282473
3.297716
3.290564
4.847794
3.778512
7.608559
6.050811
4.549268
7.151133
9.222549
6.577347
7.427628
7.890719
2.851606
9.100639
4.109692
6.827902
6.670180
2.532110
2.805452
1.842934
9.827636
5.032366
6.276918
7.212947
4.331605
3.282453
1.764982
0.654015
3.822072
6.122626
8.662295
3.353399
2.443854
2.841150
2.121886
10.040706
8.170986
4.053253
4.898058
5.042829
2.117287
4.547375
5.427979
3.616012
1.568158
5.474722
3.926864
2.152706
3.003627
14.182470
11.231683
7.998432
5.276359
4.414965
3.115311
4.467854
4.597147
4.592799
6.372196
6.071646
9.359759
24.696465
27.226570
2.748668
4.524915
8.065045
3.789018
4.919889
7.779414
12.019955
4.025722
4.762644
8.271651
4.343972
5.146951
2.033951
5.201074
4.237939
7.739650
9.744958
10.829463
1.771920
3.871014
4.020645
2.840447
6.861806
2.261587
1.916304
3.645670
5.600823
2.663716
3.105279
4.913411
4.219502
3.783953
4.195712
2.762064
1.038302
5.001926
3.750332
7.100709
2.352298
7.145705
7.480433
6.281678
0.485234
3.027158
1.138910
6.478118
7.697984
5.615879
4.246876
4.714154
4.043044
5.001347
7.447447
4.959732
9.854392
10.801412
3.611514
6.565307
6.609732
1.109837
1.707630
2.910105
2.558620
0.686778
4.305700
6.537310
2.236460
7.769408
3.863263
5.257448
7.798883
2.309651
2.427678
11.135467
2.205499
4.871467
7.449270
6.390966
2.496087
4.805710
2.430519
2.388376
1.404164
4.557211
10.918443
8.922061
4.516225
0.138612
7.134694
1.659689
2.519768
5.524563
5.536910
6.542945
6.055869
3.521400
7.183265
7.468478
0.591374
4.697746
3.321912
8.164008
2.412636
0.878604
5.724200
4.642362
7.491096
23.531086
3.684386
4.348823
1.804817
1.454928
6.337961
2.326158
4.844333
5.653906
3.806306
3.796293
1.633027
3.110292
4.076436
3.575071
1.187913
5.900576
3.017359
9.191900
9.213378
5.315401
4.033147
5.062433
3.967486
3.556805
6.021130
0.692713
4.403782
2.041952
5.333234
1.631724
9.052973
6.732991
1.814393
3.635481
0.494578
3.777158
3.656487
3.416703
3.666676
1.568528
4.862676
4.166708
4.680476
11.920784
5.491520
8.870654
2.471518
5.335632
5.139210
2.959508
7.206238
7.504520
8.613498
6.943820
4.149453
8.300394
7.130293
5.920631
3.390645
8.145758
3.998393
2.213405
9.134112
3.974972
5.655870
4.751122
0.839226
7.822248
3.888648
5.359292
2.617179
0.793564
0.958297
3.615398
2.114953
4.340471
9.330322
3.956026
6.040729
1.752697
6.667647
3.583232
3.824731
8.592231
4.221041
7.863126
5.396995
6.781301
4.277365
4.577525
2.961975
6.581577
3.052258
5.330780
4.017597
5.694526
9.612426
5.255193
1.267749
3.303473
4.915053
2.982892
3.480233
3.240345
2.838344
4.558826
8.662809
8.167987
4.644224
9.115274
6.140216
11.152998
7.212080
9.104402
3.202931
3.374592
6.119477
4.929430
1.691836
6.117789
9.979850
7.648815
6.844368
1.226353
6.280707
2.991021
1.048085
8.343797
7.924771
11.767806
1.000983
2.121916
3.411146
7.315897
6.426066
4.304780
1.235752
13.274052
8.205309
7.615292
2.419866
7.658035
5.825921
13.060162
5.593982
5.952833
6.137310
6.963186
8.222955
4.959204
7.478625
7.107203
3.979428
7.335444
6.430460
7.761252
11.120032
8.266561
6.435335
4.583929
2.598297
9.825480
12.426591
4.820972
9.342062
2.769007
5.676002
4.373041
9.226868
3.983735
1.811073
4.335227
8.901580
3.925841
5.367121
4.231518
7.259947
5.664149
5.371826
2.092766
6.305854
19.582811
7.566600
8.728688
8.890491
2.478427
7.705485
1.855175
7.234522
2.828004
9.761271
7.845855
7.193449
13.308877
5.105635
9.640025
3.394614
8.454324
7.151562
3.254516
15.571303
8.110602
2.938650
7.138746
3.480339
9.139071
6.355505
3.966111
6.422770
0.689908
7.923672
5.505629
5.153294
5.049500
2.720008
5.078140
2.635070
7.311318
9.353882
3.826545
6.374988
0.691384
5.837914
1.888140
4.023548
3.104836
5.959312
4.526587
8.054766
7.820972
6.704302
15.086248
3.765707
3.364264
2.677161
9.016050
2.651410
5.753039
11.839891
7.385510
3.824719
2.451493
9.127074
8.603369
6.209864
0.820694
11.779737
3.259362
5.442558
8.737190
6.609914
5.850794
7.134579
6.692999
1.784242
10.851372
2.463452
21.773216
8.721814
13.570197
7.065314
12.716960
1.983316
1.543854
17.603423
6.474102
15.659538
2.391873
8.892534
10.828379
9.414920
11.879580
6.554664
11.821953
9.637109
1.198058
3.964303
8.184980
5.181285
10.771373
4.467375
9.670894
15.731322
2.103423
3.902920
7.590842
6.773518
20.284330
10.642051
4.701440
1.451023
9.403951
8.356345
6.061096
8.422472
5.535013
6.179760
4.292505
8.076576
4.356267
3.897369
8.037623
11.383360
11.674437
1.843610
7.381125
11.385283
9.105671
7.868023
9.222953
1.203452
13.899200
8.138687
1.729440
5.384530
6.254721
7.200880
12.652250
7.200476
4.087804
6.004183
9.600347
0.332267
8.779982
10.273640
7.584184
11.095734
3.458949
15.063260
6.383317
1.395381
9.983424
10.824324
14.261997
1.597889
9.319375
0.621854
5.492922
4.448763
12.825286
12.695257
11.545821
5.177820
7.964565
10.607029
9.248127
7.001268
6.772175
6.802104
1.489426
2.651823
15.890640
9.936539
22.519615
6.440502
8.823582
10.700017
5.810287
10.035435
8.956282
7.780259
6.348186
8.296325
4.503008
12.143495
4.476781
2.221028
13.911931
17.142107
5.206552
10.128711
3.816922
4.837626
8.710502
3.478417
11.510781
12.299461
9.184302
10.405401
14.938744
8.782108
10.233401
4.021019
15.525700
2.724722
5.538493
0.187285
11.908757
19.353563
8.328848
6.954509
20.677738
12.282130
7.659105
3.360086
2.184242
4.832481
11.092801
11.055520
3.675006
3.891450
3.761217
3.183349
8.873204
6.780890
10.652545
7.097784
15.594161
23.542996
8.266388
1.201891
13.231104
10.163450
4.395031
11.865498
23.575710
9.915714
12.168430
5.233646
10.684202
16.288244
5.513912
4.945643
15.864596
17.049606
10.304892
13.776747
5.767075
20.089546
19.759422
9.603746
4.840976
7.429889
4.857303
11.641102
4.528852
13.481836
15.630803
4.388958
17.059333
16.039872
4.917223
21.119721
11.614829
9.924929
22.912423
23.119291
3.864240
9.832555
5.129569
3.520457
5.205952
6.656789
6.831131
8.480330
11.662708
1.634673
5.880895
6.183281
11.273991
12.562342
6.214980
9.217863
3.057947
10.218215
19.065950
23.497381
2.455315
7.292519
3.792629
18.512957
9.300977
12.161512
5.963936
14.578164
10.749077
5.072850
18.138493
6.259952
10.575740
6.732459
12.785140
8.664725
8.724136
5.904121
9.704702
8.881283
9.137035
0.838099
19.810644
3.435637
13.653514
8.893618
4.810538
12.361832
7.526237
9.215237
1.855942
8.564661
7.337237
1.190416
13.505945
19.431605
2.364458
4.115361
8.883658
3.744257
12.969670
9.945937
19.387351
8.553464
19.430942
11.126244
9.115378
9.177502
10.355411
7.058673
17.404185
4.257908
20.586675
17.865937
10.257483
18.194608
13.758493
11.996104
12.186371
10.399532
13.143748
8.617117
26.747893
11.693297
6.290636
19.949265
12.640425
3.144810
14.689009
13.352497
8.076171
4.042618
25.216387
10.209937
4.557851
19.965520
7.000632
11.198781
7.891098
10.503947
19.619268
15.136478
10.274362
8.485872
4.954217
9.943407
10.236483
3.309867
8.774112
10.138989
4.876303
9.495371
21.042433
4.824287
3.319559
10.976062
9.942609
14.323602
25.645060
32.161166
8.430137
11.587103
15.892269
11.850801
3.555496
22.324613
28.189143
7.011753
14.587086
8.839399
19.295919
16.649533
20.918633
14.072621
11.034648
15.815275
11.980820
9.161835
14.679721
5.839953
6.423893
12.318030
14.929999
13.431157
14.230100
15.434983
23.527710
4.412470
3.758488
13.977375
24.617295
18.573675
63.464387
14.457436
14.529631
6.026938
20.237866
19.441713
30.962997
6.174982
13.389488
10.820305
11.573696
8.399273
17.129237
10.845543
17.946063
13.349853
4.806374
7.151994
39.600952
6.621281
9.828874
15.359804
22.835766
10.645968
8.584465
16.971151
19.500270
15.689770
9.199805
24.019903
11.687482
16.046293
13.705224
14.631873
12.604393
9.163767
8.054913
3.284168
18.046609
7.603034
11.402945
3.131904
16.572353
20.352641
22.191577
6.600367
25.800635
23.137583
3.059050
9.156941
19.406586
8.582230
11.132528
2.973045
12.702227
18.355163
23.099871
7.837924
13.795105
4.602928
3.022514
16.046088
14.583358
15.122424
12.511561
7.643602
11.804227
0.630539
15.014139
19.116278
28.203748
10.523714
10.158531
6.667087
11.986690
15.399181
5.997810
9.376970
8.021092
29.035695
12.312403
25.956623
13.889178
2.239664
6.501346
8.441640
4.193362
34.653937
4.804574
7.398330
6.363053
8.533102
18.293220
7.771457
5.421139
14.559088
24.053006
9.096417
16.312503
7.956737
11.815849
15.271939
17.184163
5.973008
13.929078
16.342024
17.620459
5.584865
30.069855
11.146933
28.955333
10.354313
10.492055
6.577919
15.819845
19.059804
17.504782
11.660788
16.149201
2.607641
7.575126
7.476457
3.886547
8.689890
9.144074
17.564316
12.336845
8.555120
11.556381
3.803667
22.868956
1.728657
8.932237
8.103766
10.130350
15.146604
4.847314
10.602657
16.812371
8.560103
3.386695
8.818595
14.586323
4.050081
12.018320
9.428301
24.841897
2.969460
10.219675
6.463374
14.265308
7.996383
5.745714
5.349196
5.295141
11.875699
10.360736
5.286811
9.730418
11.202863
19.883041
24.495665
9.060489
10.211518
10.011644
11.476520
7.122965
9.242406
8.438502
14.786458
14.324825
13.592119
6.797545
5.692772
20.144851
12.136359
13.506140
7.079116
16.972160
28.199214
22.653769
2.802013
2.650134
8.616398
25.879706
17.004154
4.856999
15.612809
15.645431
25.218972
18.813635
17.235484
9.715847
28.158854
21.422496
13.967439
5.398653
11.498257
23.723269
24.922086
3.760525
19.156519
17.158905
6.954697
14.472176
39.783306
8.057147
14.342208
16.727769
12.659915
9.380655
2.851651
19.322227
3.422339
9.377799
13.379695
26.243753
7.311842
24.237683
29.027251
21.190573
18.797706
5.844480
27.865147
11.686753
11.897355
7.448398
16.090917
15.271411
12.677726
21.408147
20.627832
8.169059
5.678535
13.727024
23.939919
14.145722
11.848851
7.948787
8.594192
10.365298
11.433660
9.584076
18.166171
13.790227
8.682110
17.189241
7.860158
13.557686
5.834744
21.613507
28.560197
18.908748
25.011736
4.347930
4.691513
10.612340
17.544875
16.607027
4.134538
7.488529
6.070804
10.223225
5.421276
13.050815
18.017900
8.596674
7.720990
9.702901
8.662718
15.769809
14.462540
20.268900
12.851302
11.804790
8.372719
13.558114
14.040184
8.852104
9.688050
13.207177
13.415557
22.948247
21.500981
9.931093
10.070283
5.578553
19.836175
7.748749
4.820804
14.146778
10.364867
22.373072
10.484833
16.884297
22.939614
19.018056
15.625355
8.951998
6.760156
7.673720
9.238198
19.538215
24.594606
6.000856
13.598700
13.981679
16.049921
4.933465
3.324722
4.214353
12.300958
8.741138
21.421758
11.759248
8.264033
7.623631
7.030143
28.982359
13.920997
8.718409
23.086503
11.397125
28.208382
21.590374
16.545030
18.195649
18.142216
1.293194
9.401163
10.557416
5.092364
23.999686
6.309671
11.083919
18.896657
11.961415
13.507363
10.337649
15.284963
26.489900
12.727460
21.762148
20.563327
12.324546
10.339034
7.731705
21.296308
14.701997
6.258403
11.803259
18.792531
16.328919
28.103344
19.774071
13.136307
19.319165
4.139015
9.548403
2.814322
3.942758
20.599690
17.342796
17.967134
33.415356
17.137675
5.926701
28.473044
15.504314
17.760164
14.906544
17.129898
16.298214
22.717024
16.956752
15.191248
19.238062
32.071230
4.472023
21.965375
34.566568
2.354662
14.456962
23.324984
9.652594
7.270425
16.856758
9.705280
8.741942
3.932133
16.257147
23.593711
13.933110
7.957351
15.518845
15.307750
14.387644
16.759828
16.597300
6.256158
11.694327
16.573098
14.420107
15.836205
30.527618
10.261825
17.880838
12.086480
23.402934
25.231311
14.579969
6.906686
12.248872
12.398203
12.000169
6.511394
4.932661
27.346051
12.211835
9.089277
17.140561
19.263000
9.857283
15.255150
6.955612
8.728646
19.809882
13.243429
2.482930
4.103174
12.792054
10.674045
9.052278
18.476141
9.759939
13.249652
5.705111
7.311527
14.477895
19.360595
8.682417
8.462550
22.863039
14.624878
19.521277
4.468917
14.649152
13.068874
25.917449
27.747358
15.580007
6.754556
11.198130
14.438713
3.717856
4.591557
13.800173
13.933746
2.655773
4.744710
12.989381
27.881785
26.862149
9.083246
15.119731
5.962734
3.012790
2.890082
12.280549
9.883023
9.141303
10.649216
11.318637
17.186163
16.622568
18.443750
1.576306
12.982208
15.882215
26.844351
17.309175
2.910153
6.600353
8.645564
14.696996
7.011379
27.705217
13.395333
17.566978
6.114451
5.074873
20.041027
31.721984
23.182446
17.807809
7.027486
5.904552
9.693709
8.912162
13.065880
18.205165
1.470637
13.876935
10.784689
4.020640
7.701846
2.809431
10.290880
7.630312
14.724175
15.212968
15.414869
10.503833
13.377576
23.056120
16.269126
6.363070
14.492649
5.954732
11.008437
16.717391
25.948488
6.337995
11.287958
8.906010
40.292197
34.571251
12.285302
18.544886
20.168904
10.800221
8.548537
15.273604
13.245040
3.589100
11.152500
15.207400
19.852079
16.352127
29.041074
3.061567
9.216330
16.271380
13.457019
13.345842
29.468777
12.219836
17.774149
3.260464
12.946843
17.280404
27.504756
29.151961
25.833908
22.811267
27.871882
17.232587
11.339571
9.191128
7.073926
9.120030
8.666664
6.350287
10.291528
21.241630
20.143183
12.486151
10.994020
5.298751
8.226997
14.500423
11.992576
9.255369
22.345297
18.652265
20.517398
7.526968
8.065859
9.044930
13.481619
1.615767
10.585531
3.358271
27.050359
22.659062
4.129300
20.044073
6.594256
15.780184
6.762791
22.054702
4.284884
17.866447
10.687822
20.086547
7.104540
2.054836
9.080290
34.418726
10.091620
26.730623
2.400142
12.377501
12.858021
14.265628
5.965196
5.806300
17.383603
6.486226
8.510570
18.022042
14.318951
3.931820
8.954551
17.196455
18.146012
9.941649
7.255397
21.103481
16.461873
21.267274
8.911829
11.793395
5.746977
16.538603
15.500847
21.001336
4.987839
8.140044
17.935887
11.328976
5.290771
7.393771
11.201429
24.882604
21.989400
5.070741
15.762050
7.162914
28.360881
17.214642
6.929992
7.365574
7.251892
14.592685
7.227461
19.824629
11.139858
25.014424
13.526183
6.586142
11.240738
10.505643
6.713790
5.599017
13.235497
14.083339
36.550008
7.668139
3.945495
11.240186
1.906476
19.927773
16.256711
10.998661
23.196497
4.528575
3.446377
14.422134
13.750684
5.181467
4.785838
11.777571
0.467391
28.575051
14.742792
15.854911
12.139120
6.711349
3.079062
19.146463
22.501087
15.041756
10.985475
3.879685
10.563164
29.681067
11.372941
34.456919
18.443959
6.698255
13.494464
16.468954
6.520312
17.596907
10.936660
6.936800
24.633577
24.491466
4.048286
20.307404
10.669603
17.109947
8.689610
10.359771
14.804646
17.355659
3.932136
372.408812
5.813862
12.268397
11.086001
15.931046
7.539093
21.709182
15.334273
6.123708
17.387028
15.957941
7.676062
12.153570
9.866384
16.032792
5.631338
8.340957
4.327992
32.114705
15.196318
10.050603
13.743894
32.953020
17.671449
18.729406
8.390536
22.603726
10.747548
13.857951
10.429402
17.197179
24.672324
16.958245
5.297106
13.913065
9.737583
1.086342
8.443809
21.321017
14.099770
4.872849
7.727448
16.567990
21.256302
9.329311
9.963089
10.250429
21.112863
18.945717
18.043540
17.001310
15.170945
4.926791
7.942980
4.500230
6.875477
24.633589
17.578306
21.762046
1.621714
11.460052
13.783045
33.895100
22.791591
10.217190
7.980707
9.347166
15.845609
6.818721
27.814971
21.233594
19.052954
10.329635
14.212325
2.468117
5.400776
17.267965
4.308783
8.841074
21.514186
12.832286
6.205384
8.511825
7.146194
9.360401
5.372367
13.968703
16.778117
13.115105
19.123115
3.969012
12.602074
15.690946
14.243780
4.705323
8.543887
13.397169
4.089837
2.960662
2.034362
12.245451
7.666156
14.389144
16.989389
15.284847
10.108877
17.254126
12.584517
20.009467
8.755772
13.655780
9.051155
15.153756
13.026689
15.741371
21.553465
12.152165
9.706386
12.768311
7.322610
16.624967
5.888153
21.599465
6.562178
12.866005
10.909060
18.948960
12.285322
10.963028
7.244667
8.071956
7.103647
5.399374
5.169805
5.297664
9.157695
7.862261
11.466052
10.058207
12.425991
12.899189
5.682017
9.103243
5.289016
12.432392
5.735471
14.249855
6.620129
4.906903
13.283292
19.024502
10.736331
13.145432
10.760132
7.462274
2.050611
5.953221
3.704489
18.104809
2.739301
5.334307
9.297049
11.515624
2.388879
13.499333
13.189776
4.395996
2.277093
3.584405
15.751854
5.181232
5.167810
8.401203
14.419625
11.299376
11.056293
13.661755
1.273468
8.539620
5.581167
21.575759
17.066795
2.411334
9.682309
6.005303
18.946061
14.283573
7.970535
15.392014
21.989085
11.822477
8.290529
4.619733
19.544810
3.092503
9.713091
11.268512
9.512663
18.592299
4.689004
3.787929
12.497054
8.475311
12.164286
4.540236
13.029383
18.914163
21.035785
13.535251
11.897029
7.824288
14.589311
11.654283
4.830488
5.751639
12.754341
21.717323
9.136588
14.955013
5.502854
18.271559
2.044967
10.271194
10.583146
6.356091
4.148593
1.452722
20.047679
13.495496
9.649603
16.158692
11.471845
6.193870
9.133247
10.144967
10.070826
5.950983
9.020277
8.739805
15.697749
3.890300
11.123790
22.606898
8.536819
9.846749
4.725299
17.281618
16.324402
13.329154
1.392501
7.546951
3.431672
8.457323
8.167555
1.401364
3.109343
8.332819
6.888338
10.676699
6.732848
9.868793
7.927004
6.886068
2.681785
6.987452
10.372207
10.242364
7.419478
9.687246
7.569216
7.447209
15.413343
7.366373
0.390158
12.037011
25.755997
14.020016
9.682900
7.692695
9.484813
3.254716
12.248428
14.588585
10.932836
5.887392
1.904068
6.199999
5.359490
7.079350
11.230407
12.016398
8.921634
11.342128
12.500494
18.555378
10.080317
11.921014
8.947332
10.403337
9.719196
18.989827
4.597403
11.531012
9.391890
8.191502
14.208123
4.673938
13.028002
10.124914
13.797397
2.442727
6.719927
6.752072
3.546085
18.496494
5.584727
0.811690
12.860859
5.497963
2.469601
7.798062
8.773758
11.880492
12.505137
7.670272
9.107311
11.962175
8.893007
4.734118
1.368611
10.025280
7.648791
12.046904
10.081786
10.149804
2.024616
2.355211
2.708899
13.050539
3.600144
7.974092
4.630136
3.328507
12.171632
6.578717
11.152872
13.401689
5.981156
10.769989
17.231530
8.230162
4.384492
3.347594
9.927331
3.137138
2.828544
8.291908
1.804309
12.449120
8.917175
7.315713
3.986839
23.930415
6.499431
12.584017
10.228727
6.289652
7.386273
5.422866
8.331149
2.610734
14.836972
3.501021
2.537944
14.653135
3.936969
12.969288
12.219828
23.016203
13.174450
17.313135
3.112361
9.234894
10.526350
10.047194
4.357590
11.785749
6.490288
6.523323
2.360509
6.644534
4.050293
11.575889
6.519196
3.086177
14.982890
11.483640
7.750404
3.143278
11.745102
8.297713
1.259620
3.119082
3.871088
13.830477
13.093972
2.505206
10.314680
3.312894
11.618021
8.076868
3.670525
1.629605
3.837317
6.789363
4.762409
5.606833
7.891317
1.664126
3.558065
3.948829
8.431614
6.899151
4.110510
9.607747
6.032345
2.824316
9.459785
5.774015
8.825436
9.426506
3.983266
2.422036
4.175414
7.318841
11.756980
12.511338
13.106386
7.064245
4.123559
12.394994
6.499598
10.401155
7.277701
1.996896
7.234477
5.627313
8.446631
5.340564
3.557200
4.574398
5.721156
3.333717
1.000830
3.874074
8.765114
4.378693
5.745777
4.398832
9.889786
7.868961
8.914468
10.204969
2.251076
10.166925
7.371410
3.318471
6.229035
5.261729
7.541621
6.158584
12.970177
9.863394
13.476176
7.020507
8.287073
9.107875
7.957841
7.212650
14.728518
6.482881
6.044811
14.798720
0.756427
2.807569
7.266749
9.889290
8.056875
5.735184
2.924848
3.329354
8.598156
2.513929
2.893370
13.083083
5.560933
14.182461
2.173391
6.145232
10.378187
13.535991
6.102276
1.526764
6.359130
5.578819
5.646722
6.493687
6.391463
6.870217
8.186063
5.707714
8.746512
6.260854
3.310667
7.277446
13.684970
7.176806
4.597292
2.696986
2.369464
1.225467
9.476567
8.823470
4.735070
8.292815
4.547379
9.667207
6.002567
5.017346
12.268303
2.228409
8.000163
6.944515
5.317912
5.426325
8.024540
8.364159
7.414958
12.550007
3.867650
2.432591
5.232554
1.484691
7.232367
4.093961
6.097483
6.332555
7.090312
1.130433
12.374857
1.405722
2.394831
13.180781
4.071454
1.409651
4.544396
8.962356
6.382497
1.614055
4.835981
6.683876
10.693936
7.436941
3.162525
5.818960
7.827707
2.023163
6.248510
3.639349
7.429638
8.391523
1.725990
6.185428
6.139649
3.833357
10.008714
8.874344
8.337354
3.608563
2.942327
12.339380
5.319768
0.659466
8.862694
9.367278
2.945557
3.432982
6.148229
1.475863
1.882860
5.347262
7.310260
7.156571
6.541423
9.593332
6.731445
4.924379
5.724605
3.523259
1.460971
39.800949
5.203004
4.169977
2.097078
7.653742
6.381054
7.343050
3.433711
4.684275
7.294792
5.852159
3.006205
5.401861
8.433994
9.642620
5.651943
11.878785
7.822647
10.989852
9.421946
8.276490
6.004054
3.332104
4.907525
1.621736
3.636096
5.523389
4.897038
6.958011
11.283372
6.589940
6.789697
8.391938
1.200153
3.822534
7.405300
4.874730
3.830025
7.983574
7.291335
4.941476
2.917226
9.364653
0.135088
10.142421
3.883993
8.034865
9.464695
3.868712
3.195156
3.514874
3.504538
0.457428
4.299151
8.146905
4.535680
8.489348
4.485015
8.964963
2.409026
2.854328
5.204586
4.605795
7.725833
3.616533
8.401366
6.345280
14.302802
3.484474
3.865441
9.047625
1.062343
3.169444
2.719851
14.525460
5.820813
1.271476
3.049476
4.097332
9.458626
5.078493
7.793899
6.100650
8.156439
1.395229
6.021985
10.716431
8.556664
7.125089
8.358734
6.438276
6.486623
11.527817
5.786222
6.874504
3.820640
7.567704
19.367621
3.673577
11.226037
8.146687
9.554999
20.478999
3.406310
15.440210
9.800163
15.967854
23.582367
178.996928
47.689914
27.381837
10.627333
13.081903
7.130607
3.380948
8.099975
1.149959
5.224864
10.287410
21.852715
12.946349
8.469142
3.755581
14.326381
11.388085
10.004055
3.125771
4.457588
10.812704
3.433657
11.450540
13.815640
11.207573
6.983818
10.310664
7.520465
8.626741
6.054419
9.660222
5.744796
9.908691
1.106292
1.353850
6.757134
11.582623
6.012839
5.177802
3.798583
7.243586
2.996551
4.897495
5.059159
4.761104
5.320897
6.876069
4.696940
5.524317
1.758226
6.838773
5.708471
0.885646
9.472199
6.057527
5.130870
11.123805
0.624633
7.188253
7.154527
5.556494
8.438605
4.473059
1.437676
4.494823
8.919653
3.123642
6.092285
5.953463
3.635220
6.443531
4.709652
5.581887
6.456942
10.634781
9.023121
1.475387
3.712224
11.200145
10.023896
5.438903
7.871791
10.972791
14.860945
1.612934
5.313483
3.889784
9.493412
6.691427
6.843511
9.324938
2.835699
17.117574
8.245999
6.286706
5.659481
7.701660
4.611293
11.638519
2.567200
3.729973
6.939315
5.188390
5.592744
8.814943
9.895545
6.554827
7.422094
12.700311
11.648426
11.062760
3.993536
4.696967
6.667259
6.609327
6.302435
1.943458
9.156343
4.717368
5.872617
10.211769
9.819283
1.899524
1.648115
6.052451
3.390863
10.866245
9.486645
2.251727
3.931357
8.080182
4.391451
6.720006
2.662219
14.946312
11.877699
6.425824
4.655133
5.451982
6.099666
10.912416
9.122485
4.488604
7.873031
2.847613
0.556581
7.576067
5.059023
0.870545
7.800775
2.162937
8.573683
10.990886
6.578928
11.059428
3.810692
7.647209
9.386032
3.626501
6.921347
1.077176
11.410667
3.875366
6.947613
6.908551
4.487859
10.526358
4.209391
5.532291
11.919195
4.522302
7.981521
5.218033
4.319959
11.426926
1.624651
6.302710
14.729822
3.184517
8.461938
4.299552
7.436340
2.878210
9.144514
2.795385
4.584094
1.584981
2.297545
3.756643
3.107883
2.898419
2.392963
6.472172
9.106491
12.206016
15.583447
3.364228
2.122552
8.824467
4.828358
4.415223
2.137675
5.404020
10.307966
1.483529
9.374094
9.606497
6.321342
4.791374
11.883119
8.658543
6.351951
6.946968
14.943623
9.188779
3.487344
15.833125
6.587707
5.922941
13.393002
7.494001
3.128192
5.321884
12.047530
5.855713
4.655796
1.247215
10.164857
7.231765
12.164040
4.446990
9.105202
9.002852
4.005955
11.014474
9.738962
2.835289
7.115905
11.466035
7.285789
4.608538
6.103360
12.145975
6.396902
3.248334
7.974874
9.678674
2.034305
6.156764
4.775961
7.210998
4.532196
10.825090
5.836484
8.140562
5.993098
12.565448
8.545477
6.629741
7.457705
4.380133
4.635379
17.940525
9.153663
10.372579
2.411112
4.962459
0.464967
7.439395
9.229951
5.743073
8.959137
5.251158
5.198825
5.425582
6.954443
4.928920
10.829804
4.092740
13.498371
8.472228
6.816050
2.260259
8.415300
10.081055
7.220452
1.407571
3.624061
5.875051
7.310272
2.412791
11.626623
2.167766
4.424055
3.920975
6.189424
9.999437
8.102611
4.039249
7.591533
7.215644
3.590199
6.119595
7.381430
2.819684
4.724782
6.468580
5.342463
2.582401
1.420386
5.565867
5.799110
7.514186
2.515778
7.271041
5.047230
4.035795
4.406404
12.719454
4.287834
8.441752
13.646729
5.653925
2.390269
13.678524
8.455425
8.229961
15.004572
9.687897
1.432456
0.844393
4.258521
10.068767
10.706060
4.536070
8.614457
6.154813
3.791210
9.021041
4.446050
1.092989
3.794633
0.820858
11.088044
4.884409
2.414617
0.862069
10.771474
10.880795
6.333170
7.965332
3.542950
12.399928
7.571062
4.884419
10.166094
6.854308
4.800881
12.447223
15.360319
9.681697
2.177016
12.834253
2.588750
9.772320
9.887594
1.383923
4.072409
6.405249
4.247759
3.557069
12.401343
2.973381
7.946648
6.105750
5.114744
7.326676
3.672938
9.475205
4.709675
5.186398
6.376428
3.412413
3.016349
5.165062
12.330044
4.805327
3.787263
6.032462
9.901265
1.594453
4.601210
11.083153
9.906773
4.171418
4.138631
6.020239
11.723547
7.726603
5.577217
3.437061
9.106710
5.923104
2.336161
6.779608
4.045277
4.878788
2.704991
3.023501
2.133608
5.703673
5.449957
5.443339
6.532203
5.801871
3.026623
0.514307
4.750066
9.750159
5.611168
16.267030
5.207384
2.872954
5.562880
7.685937
9.303344
10.352424
2.685196
5.075065
9.663753
6.843222
10.237954
4.839286
1.807368
5.185579
3.326184
12.151904
8.085746
7.695288
5.437156
6.119749
5.343906
7.274442
7.346877
4.074833
6.122006
0.703217
5.438775
10.252700
4.506775
5.055919
9.014359
3.925646
4.464759
10.370605
1.795325
4.337524
8.975414
7.915927
3.851774
3.855600
6.268798
3.697260
10.632635
2.856183
10.413076
4.168674
4.158430
10.364945
10.359830
2.993656
5.933762
2.383540
6.744903
6.993089
7.287387
8.460720
4.192822
3.283627
2.936740
11.443935
2.282769
11.579998
6.076586
0.925178
11.191303
7.601219
6.905748
9.515171
10.463960
5.150993
4.838003
19.116150
12.136554
5.024524
11.077670
9.300850
8.894239
10.363930
12.327588
6.136677
2.104675
14.453383
8.955207
7.355453
6.910401
5.241676
4.526627
8.509820
2.504151
12.005337
2.705626
1.916979
2.991976
4.105141
2.522439
6.718173
6.376731
3.865298
2.533742
6.868956
9.279169
5.643855
6.687835
13.361245
7.093097
10.106353
5.915970
7.926424
4.019703
6.104522
4.957634
5.031408
2.976508
8.023503
3.042132
10.920554
4.414097
5.145395
5.734278
15.988092
3.692155
9.637771
3.721881
4.886022
7.362350
5.350841
8.846629
7.309108
14.193976
10.207377
6.550457
1.861913
3.368347
5.038618
2.698387
10.433350
4.932810
3.239987
3.476161
6.934900
10.652811
9.789171
5.737026
6.826029
5.989061
4.189300
10.724811
5.935176
8.625862
17.900247
9.340905
5.579650
9.965170
4.866279
10.536013
7.158119
7.579997
15.060882
16.351344
3.594375
13.337755
6.453244
4.175867
6.210863
2.724581
6.060595
4.172359
12.116615
5.164372
6.675969
7.696541
9.467878
10.094492
4.288405
8.232493
13.219235
4.756340
10.996069
3.074153
29.693497
15.359043
6.543942
9.114104
8.901810
6.543009
5.142893
5.407652
5.539836
5.643843
1.527519
4.579715
8.658089
6.738155
10.703300
12.592676
5.513901
5.284226
19.486416
10.206766
3.015018
7.589461
6.038387
4.628541
13.273669
6.451084
4.855280
6.107743
3.144102
6.417237
2.944411
8.792948
7.258102
4.911306
4.941324
11.069572
8.625151
7.450735
9.761958
7.813255
0.876336
8.924548
5.250115
8.278555
4.197912
4.851811
6.354478
1.159978
3.463544
5.406607
1.076754
14.659691
3.345517
11.505604
7.830367
5.222098
4.468685
1.285481
5.954062
4.971008
8.530207
7.061375
4.753720
12.547203
7.956268
1.940142
6.291382
5.107804
4.749348
5.812384
10.281113
7.226725
7.116445
0.846982
8.949045
7.292206
10.753380
1.959960
6.568138
3.857849
7.153075
11.198308
6.954572
8.277308
2.549587
2.824396
9.030800
4.652300
7.470842
15.878451
2.113042
5.159587
4.702594
7.849253
3.037946
7.469907
7.150957
5.146796
8.346042
4.558498
7.321311
12.369529
5.239214
13.658649
6.397472
12.238757
7.618946
12.997720
13.190900
5.990296
10.148362
4.653479
5.965891
3.546051
6.321864
9.363674
3.869784
1.804162
10.412600
16.021695
7.319956
6.767854
3.520474
4.499770
8.606086
5.781450
5.463754
4.401012
8.723942
1.824666
7.001196
6.832142
4.326301
10.273770
11.117321
7.047840
3.728740
6.357116
15.257757
4.381153
1.647170
0.444033
5.527390
2.966176
3.135952
8.674887
10.324114
7.874404
9.130736
11.048883
9.211339
2.521660
2.189381
3.534858
10.655577
6.075475
6.284602
9.197193
11.149982
7.420725
4.382560
6.605741
7.635279
1.279958
9.040229
5.481486
0.487312
5.855368
9.502264
2.950827
6.815902
9.975707
5.673980
2.233188
3.539747
7.531403
0.440978
2.164493
4.458395
7.120049
6.516742
1.955476
8.907795
5.247872
10.768963
1.702530
3.060821
6.470449
13.280417
11.353575
5.048057
4.281361
5.087201
7.174450
7.752154
2.851347
2.818832
10.379982
6.030444
8.380299
8.519510
4.131490
6.615331
7.056949
5.375578
6.396932
8.844639
5.581531
8.144394
3.075743
7.167794
6.213828
12.647578
11.003877
1.257596
4.520891
6.341635
5.834848
7.750120
8.697304
3.599810
2.707917
4.897704
6.553459
5.333375
7.302826
8.818487
1.824307
4.041802
8.830478
5.655592
2.353136
5.595664
5.069463
3.561574
5.992325
7.618177
4.602066
5.678066
7.049714
10.699719
5.471368
10.045493
12.211756
3.836276
13.018719
8.425311
7.777501
17.340060
4.207447
8.764482
2.650543
9.964702
5.577391
11.238473
0.923325
9.008573
11.189672
5.466416
1.127769
3.804183
8.759025
6.820456
4.102298
9.141877
8.951319
13.057400
5.847160
5.516247
12.366604
4.820303
5.051293
4.359054
2.539278
7.919421
8.753914
3.552636
2.786850
7.023329
6.264078
6.981568
3.349520
4.938880
7.259864
3.428263
1.271431
10.132402
7.274516
6.245513
8.622005
2.142861
7.330139
8.275870
2.508418
10.453644
9.115302
3.267222
6.522307
2.601695
7.126505
3.350796
4.877850
0.730290
16.498959
2.790565
3.932743
5.824329
3.148256
9.869063
6.906544
6.479655
1.581365
8.612129
2.943910
7.951168
1.366992
5.285178
8.933457
1.492215
4.247022
0.579364
4.831625
6.480753
7.764753
9.781745
8.431323
11.535398
9.817775
11.421250
14.136722
2.482877
7.667065
2.487342
5.630200
5.985161
11.638442
3.256161
5.627940
5.737712
5.224749
8.799687
14.608599
2.085846
10.660401
2.317076
8.546361
2.610645
19.560696
4.528426
7.168948
3.746139
2.797162
2.864039
12.302149
4.809198
5.789954
8.229890
8.201328
3.783053
5.283230
1.541322
5.408164
1.672951
1.056257
6.477116
8.031443
6.596452
2.241455
8.125065
1.365703
8.890605
9.380221
5.938215
8.769627
0.952256
7.681351
10.641961
6.634104
8.863045
5.875860
7.237339
9.365269
4.963404
9.118748
3.952281
10.624241
2.812296
3.947863
1.788811
5.003564
7.541492
5.435646
15.975494
8.207965
3.341276
10.049410
4.474717
8.407406
1.619003
6.980750
8.623748
9.685258
8.548395
9.248832
3.018131
4.533303
1.204711
5.062230
4.200091
1.041193
1.323857
11.732471
9.445205
2.233889
6.105938
4.381644
15.693467
12.301505
22.238734
1.085187
13.859095
8.680805
9.199535
8.167948
10.808796
10.022188
7.887297
1.818664
5.493496
6.395837
4.682199
6.728778
3.720833
5.394570
5.973962
14.959887
19.864896
3.877671
5.494453
5.178239
6.775159
10.660657
3.399467
4.645408
12.070437
1.137771
6.222138
1.255230
10.658640
7.165394
2.771220
5.616959
4.890655
6.496728
6.610098
4.231150
2.753039
4.602878
9.855564
2.200962
7.294835
5.111056
12.005011
9.375633
10.295192
7.590699
4.373720
3.578871
3.276753
9.234575
8.319878
4.646615
15.311059
0.154944
2.728166
7.300203
8.365735
4.750465
8.750517
9.605204
6.836060
4.229918
0.982919
5.193594
3.103429
9.240286
12.132591
9.955234
1.956666
9.601292
16.815789
6.332252
5.649857
7.261468
5.432181
9.405731
9.601406
6.693681
3.886851
6.633591
7.010375
6.682181
3.899812
6.811496
7.440550
9.889957
12.707880
13.788963
2.527238
13.781230
4.548057
8.189220
14.591948
2.021727
7.028656
1.997010
7.645085
9.483863
10.001135
5.748943
8.539420
9.503463
5.815102
14.150269
5.551672
21.373344
53.498977
7.192354
10.740325
5.555133
16.492824
7.216962
6.485242
6.262879
0.597775
7.737999
8.393423
2.064956
7.625806
8.987663
9.605785
1.809122
4.149055
7.028237
6.981174
6.790962
11.037021
7.069651
4.725265
8.435198
5.249822
10.596051
11.754381
7.994266
7.997250
7.544799
13.766660
10.960199
6.309223
1.600492
8.931680
4.521155
8.692721
7.083553
9.897304
9.192918
8.946741
7.000009
5.408738
5.142491
13.390240
8.494319
3.338111
3.506806
1.699967
1.235202
5.174809
10.118556
7.926408
12.867092
6.870984
7.782234
1.060495
4.474011
12.836536
6.683273
5.567896
12.477312
3.914271
6.140742
7.802796
6.041161
13.157102
6.951029
4.357452
6.399883
5.566140
7.843091
16.070026
3.999613
47.890458
11.000630
2.312587
7.553295
2.510432
15.020888
4.139856
2.063228
2.062743
8.928835
7.476238
3.387866
4.791878
3.938250
8.600672
11.709618
12.771535
7.846480
26.911585
6.990020
8.491266
4.742460
5.432610
5.487683
3.688711
3.731380
6.543702
5.520915
10.428274
6.172445
13.167737
6.136878
8.617428
3.675743
9.473421
10.291196
9.525035
9.506184
16.564579
5.029291
15.286681
4.870760
8.009668
9.992031
7.435007
9.989195
6.054482
13.568152
7.523409
4.260702
4.569951
3.947823
6.786193
7.138744
14.186914
15.759290
8.424891
1.012131
2.925916
18.558531
3.157840
5.685986
3.657634
13.496061
12.616177
9.995026
2.965927
2.606817
4.594426
7.703217
12.725809
3.370752
14.886597
4.437580
6.476942
5.953474
9.552164
0.836020
5.881580
5.343061
3.093681
13.712516
13.817603
10.122730
1.482896
2.568024
8.983518
3.573139
3.808807
3.527216
4.281860
9.655814
2.805285
12.277575
2.201013
7.441712
6.114181
7.485021
9.952436
3.101214
5.809431
10.603510
12.146538
2.770502
12.831279
5.369146
6.242643
9.213137
11.267949
9.676033
15.429455
5.179644
4.371437
6.635796
1.354057
10.581707
3.332050
6.005173
7.044845
8.044902
3.199828
3.805320
6.077126
4.761852
4.009330
20.694647
17.541705
2.229410
7.270673
12.587888
6.239733
9.413496
9.976701
8.133303
8.056624
10.996953
4.205815
5.550156
6.282415
10.860013
8.862247
12.851788
12.858342
2.938226
11.108134
4.177961
11.422630
6.375378
6.242961
8.319356
7.958033
3.499480
8.723200
7.305666
4.706425
15.667331
6.414393
10.275585
1.644491
3.950146
3.978554
8.768707
2.875722
7.792856
4.795326
3.172541
14.346112
6.014758
6.694746
9.829159
7.027543
2.839079
11.745026
5.841796
6.096201
1.754730
12.169195
20.409811
4.759141
6.035587
5.667976
10.260263
13.474178
8.484583
2.215479
7.306408
5.829630
10.405083
5.473383
6.086802
7.845023
4.264150
4.190060
2.464710
7.302867
8.282058
0.507700
15.312209
2.618253
13.210044
8.908502
7.076674
11.795751
12.143163
11.280095
3.773487
8.581737
6.119124
12.044247
7.526246
5.421949
6.754590
13.003509
6.803256
14.960712
10.982605
25.398085
20.480092
16.627106
6.682159
13.306595
8.056148
1.479430
3.155489
7.199443
6.381554
4.371338
6.061434
2.993451
1.768480
11.626004
13.384839
16.008125
10.321657
5.542229
14.087926
10.134367
8.046507
9.411890
6.318567
7.639657
16.168120
14.104868
7.093000
9.617464
12.467804
8.168735
17.267814
13.002535
15.253482
7.105755
7.671549
17.755567
7.685759
2.933689
5.110467
3.268966
12.140409
11.972409
8.235055
19.069486
13.978886
5.468586
10.106754
8.667111
2.537871
1.447694
7.542585
4.258643
2.838915
12.389551
8.502149
3.850233
9.617298
3.772912
1.372642
8.075366
8.534154
7.546708
5.659656
2.931287
5.185615
7.957391
7.012136
4.780380
5.036932
6.824800
2.088823
14.937519
15.586164
3.520867
11.787073
1.468288
7.505454
6.823280
9.696253
11.245167
15.686063
5.622872
12.379439
6.475117
5.816856
0.317691
3.625128
3.599667
6.032134
10.594369
6.300187
12.457380
10.110981
6.557645
14.064326
11.346978
15.653037
3.890497
11.740715
2.535636
4.619437
16.519903
16.168713
11.656224
11.998894
18.436391
2.528525
15.709386
19.040517
11.058067
9.516828
19.391868
0.684800
23.570292
4.942586
13.157510
13.056046
14.584223
0.649034
22.661651
14.466238
5.102384
7.094434
13.760964
11.359360
7.900676
18.823669
7.776967
4.353086
12.079979
21.988122
4.582132
12.276163
18.511101
17.433764
8.656249
8.082821
3.177801
1.138871
15.129974
12.675414
9.331234
4.034996
10.686140
0.924228
14.783766
6.782970
6.821766
15.754038
3.224819
6.240080
12.832507
12.094733
4.854114
5.190200
8.050948
3.243484
15.375028
11.027980
16.795418
13.662558
10.718380
8.439498
6.704801
1.234966
10.694832
25.487743
10.856782
6.134695
10.253298
13.236161
7.779069
4.587150
12.926563
13.614581
11.505302
2.625505
17.765831
7.235064
9.185450
5.020271
6.726361
12.679007
11.099373
19.601237
18.635036
14.565325
18.580396
6.524292
15.980739
16.701126
15.595204
12.698241
16.343068
20.320159
10.317567
7.633466
8.009316
4.163432
7.264091
17.696078
10.867307
1.658560
11.307999
7.776831
12.918586
7.015947
18.284742
11.900440
23.383815
13.729436
10.148212
8.765566
18.752601
14.826240
25.010319
8.693065
29.172075
60.473230
78.199927
2.827270
21.917511
15.623733
6.140534
21.541964
18.589602
32.964516
19.274133
18.199340
16.980461
6.214029
11.583648
8.420788
12.973408
34.640585
10.773942
6.110229
14.363953
1.316674
14.357403
14.672821
9.280290
18.743520
6.607113
19.620625
23.076342
18.640878
13.396053
13.418926
16.780551
7.521930
13.871537
7.107212
14.012940
17.263067
31.883927
5.738829
14.978640
12.075546
14.069014
3.043652
21.696443
18.510406
11.825560
1.936613
13.613608
3.692845
10.246323
18.030841
13.495115
10.946681
0.943376
8.215316
10.428968
26.011613
2.790046
6.440710
9.560746
5.918368
7.888603
13.887362
11.138946
6.040996
6.861675
4.948140
10.003299
3.610009
12.494090
19.299739
6.620172
9.530360
9.338817
4.621112
23.054510
3.459355
12.752237
9.294613
19.463807
20.455866
10.893816
1.051505
7.313292
3.886309
0.952633
14.171471
9.079939
14.511602
6.051028
13.776151
44.995639
7.292743
28.951177
31.021036
27.223292
20.357940
1.948309
14.187440
3.345727
6.228227
5.581300
8.452779
25.076858
3.567428
13.106602
7.763062
7.701580
20.406821
122.179180
10.534280
31.619615
5.962185
10.410053
2.254400
7.589344
20.436753
11.875927
15.581219
13.502898
6.265724
5.292431
7.189606
16.545249
7.624231
15.578704
12.786128
16.652667
21.959573
17.671446
24.591379
3.641001
11.472630
5.653375
21.233309
11.246990
13.487722
23.291796
21.798033
17.684925
16.025766
18.265748
9.914641
20.129981
11.801142
9.635650
24.837941
17.812463
5.625333
9.556396
6.757503
20.858500
1.573149
24.350832
6.333798
26.807455
8.296393
18.524474
14.525848
14.702820
15.506523
13.187598
6.594195
18.213921
8.343365
37.561823
5.281938
5.752436
25.256846
22.503053
11.318689
6.503179
12.926934
11.616845
5.182132
32.699607
12.904840
17.270131
9.508568
14.237002
11.005305
5.343106
15.068323
9.074226
13.234149
18.726768
19.346462
4.042130
15.212903
12.127983
6.780743
15.734215
19.246357
11.227082
15.828059
10.898247
4.394927
9.437903
8.539966
24.640414
12.000994
8.893295
15.263678
16.296280
18.723329
19.065487
34.140483
11.402707
9.108918
26.017404
13.147718
19.996087
18.963666
21.550747
3.844686
17.737273
14.649987
5.188128
14.068797
22.202510
33.779969
9.499038
5.093875
18.775454
22.684562
11.204388
17.578376
5.767246
20.817882
9.350595
10.712234
30.771628
3.864912
16.328891
16.136930
15.069038
21.565643
30.083178
11.363880
18.992002
21.062401
12.438377
5.422742
13.956470
18.119881
15.566244
18.264279
25.676654
21.027328
8.885061
15.633723
32.386928
15.014420
22.973818
15.782711
10.307475
18.732296
6.326876
19.791551
12.101830
25.675629
14.362294
7.835248
22.308703
16.032488
26.469265
21.038421
34.587001
14.657882
36.182100
18.776892
10.776745
30.639055
24.035898
11.939500
20.164456
7.116374
0.408834
5.972329
27.761238
9.783556
16.628662
21.331191
18.224848
40.587548
5.858752
14.171872
6.791671
11.001805
7.973243
16.707589
31.793441
32.370846
31.035779
8.634782
14.808027
21.776660
7.268980
17.951503
10.080491
46.253525
10.482839
28.640665
11.424274
10.641897
30.193433
23.275910
20.095169
37.852941
11.710974
24.986579
14.120757
34.960280
18.158857
6.227904
6.138055
23.637749
23.950081
7.199024
17.589776
17.017962
20.117021
13.851377
34.484498
6.359278
28.637867
33.451846
18.575893
10.136144
14.807861
18.841092
41.083214
25.114686
10.728764
21.436911
33.518416
19.990060
12.778350
52.176001
38.514067
14.945329
12.859401
21.832126
19.270664
13.582660
20.845545
13.167253
20.469406
26.595830
14.010705
14.620691
35.491521
18.138697
28.191022
8.547926
13.903704
34.222251
20.596191
4.700868
29.213756
35.024633
23.478331
31.287857
28.390726
17.791936
26.214377
12.644072
9.148786
13.072805
13.390371
26.299024
25.059338
7.075876
7.715144
23.475083
18.221890
33.485625
14.588316
12.216568
4.572185
32.424492
27.644258
10.674119
24.198383
18.312365
24.729106
11.902208
6.843473
8.054310
12.060852
17.588542
16.729982
7.443992
22.594548
17.996849
21.497369
7.137265
25.277592
36.629329
20.719325
22.531730
13.228859
17.524026
4.956030
34.627579
25.390013
32.148395
12.058956
13.163653
22.423066
20.322606
14.379230
14.764371
44.279365
33.599553
40.676117
12.991713
18.505057
31.016006
14.258919
32.977449
13.751359
2.349985
11.976650
24.522482
7.551215
8.255961
43.733255
22.706568
12.316439
24.448312
18.796719
34.212670
22.902460
50.400987
23.407710
21.841686
22.290048
37.652835
19.823776
23.619555
31.480146
32.563353
31.208859
35.052126
17.214907
13.823181
32.685196
4.207136
27.940830
40.407805
13.925056
23.171870
21.666642
19.351112
5.859520
21.470273
16.540995
8.555297
10.978780
34.450401
34.726009
25.164133
13.209507
10.999255
9.811293
20.062538
49.303178
3.717594
28.626438
17.703094
35.135187
18.483087
26.999250
29.406404
14.450927
25.023482
2.194242
9.656842
25.870004
8.132995
6.590151
37.471747
6.680476
12.151892
22.679267
39.192375
11.864748
8.416738
5.758995
21.195577
29.584895
12.269343
42.073354
39.082948
4.656856
13.643731
1.101829
22.780127
34.384914
3.669997
26.924499
17.421937
43.355139
2.477822
18.453721
20.841672
23.325068
34.136030
13.794971
11.523300
26.346160
13.582513
11.669046
30.643596
15.288869
43.878066
27.968708
14.595110
34.283241
22.945882
22.634680
5.206687
31.706470
32.418535
23.909875
25.264702
6.270118
7.560027
33.398903
4.354689
27.850466
5.791451
17.720843
36.356071
28.458824
29.013671
23.807230
36.740998
14.024856
32.690815
20.346021
26.486572
31.412475
41.985019
19.490014
10.220261
19.649626
40.099818
9.477426
17.570891
40.347591
37.587411
5.798075
6.118010
30.273519
23.880305
24.770917
13.255592
27.020642
45.207326
46.503538
13.009444
24.473878
31.447174
28.036788
27.003027
30.329884
13.482826
39.217778
4.906724
19.611072
28.630223
9.806169
13.899796
42.674749
18.029908
22.678169
31.052261
14.467355
12.165179
26.928960
39.516502
40.878451
5.576040
16.139479
22.031808
16.513692
19.035483
12.420164
30.584100
48.686653
40.332531
7.599710
11.739698
31.340765
21.375167
34.571175
18.937521
28.981053
16.124608
23.173485
24.494907
43.592678
17.681349
27.184089
10.916649
17.491773
16.927262
32.046696
11.805222
37.926183
25.824977
14.360312
25.417583
26.403668
42.903253
26.383171
42.786782
32.202446
52.467165
15.689727
35.475997
30.337901
18.644042
37.835124
24.702366
32.625368
9.568828
18.669621
24.881493
18.383659
26.902589
24.696606
17.921191
50.240331
9.117652
2.162758
13.445917
13.416833
48.567072
14.428469
18.550667
10.134853
23.035765
30.544676
6.654708
45.169713
36.879772
51.648076
33.258559
19.481931
35.264428
42.267678
16.467019
20.660565
15.409292
11.772152
54.457992
38.375908
22.416457
18.884560
41.317113
9.262462
10.102099
41.032970
27.503164
11.905437
36.466006
27.435661
41.987965
39.353205
23.920509
15.408971
3.746006
27.302630
31.740789
46.947220
21.835782
45.523657
34.662813
31.773919
8.475212
26.934908
52.881813
35.213283
32.234893
8.019415
15.092361
31.906540
40.749599
24.959639
36.686157
2.081634
5.841119
16.983991
25.164224
15.914248
34.237409
26.942550
36.438083
5.577392
30.796016
26.298406
17.743142
27.568138
20.927465
2.068755
16.822583
90.690568
29.159509
34.852522
47.126331
28.885332
13.937357
36.322929
23.341754
35.758768
43.952066
45.351912
50.462534
13.293358
22.415045
15.433187
52.044119
16.622377
16.965597
33.738856
40.428810
30.669241
36.525837
24.702008
24.845469
19.607090
41.771605
63.927988
62.064108
36.849042
36.722932
24.164423
42.447623
30.011261
35.299136
49.090988
35.273805
31.605327
46.030769
13.199292
21.176256
33.511527
25.224128
14.473055
54.727002
11.502089
2.660046
25.029783
5.341275
8.799733
16.945250
36.744581
20.580876
46.936966
22.782379
31.600087
46.904637
40.586396
29.843371
15.687551
45.440914
25.675893
17.238365
11.640160
17.754750
40.171326
11.165872
23.493312
21.393177
23.049850
46.817055
32.405272
18.554345
35.563020
28.010259
35.587986
8.976527
6.210249
15.980403
26.300340
14.724023
23.706690
37.391534
40.341549
10.635228
35.910529
15.433700
32.150910
31.106959
24.151671
20.645584
25.345769
7.417313
65.165664
18.151712
37.944376
7.626638
41.967931
32.913884
23.082907
21.204031
22.682055
22.409419
2.859005
22.175927
10.931667
39.361273
21.240640
9.867450
68.385084
21.616648
34.594900
25.498771
22.637810
31.503600
24.715076
29.324558
5.131790
30.542924
33.440404
5.211087
45.686126
5.286826
28.480116
11.656642
19.443399
20.668981
8.730650
32.323512
70.362732
60.572074
47.656158
20.335219
24.170130
24.185230
53.746764
44.354222
12.738001
24.305440
68.927551
28.715142
1.343123
27.539434
41.104937
8.507454
16.948212
37.485192
38.128159
17.461166
24.365511
10.021337
22.233536
25.515097
16.706773
40.888515
33.341664
14.472677
10.872871
25.734505
40.891905
16.289643
23.031730
43.379284
23.418845
24.197049
46.643644
32.024042
23.868510
29.698485
44.028220
61.617173
40.329981
48.177084
18.288773
21.649143
47.830790
20.301524
24.441331
17.750186
22.243819
26.744425
39.608980
32.535641
16.324543
49.006999
23.590516
16.801466
26.702091
47.134780
39.393138
4.329419
35.330738
45.529018
18.560720
6.896842
22.515042
26.434993
17.561197
7.655210
43.905674
26.637655
39.484559
26.248347
47.348158
30.990290
5.190168
31.920554
27.367515
13.081811
57.330803
28.235160
35.500676
47.055854
64.032196
9.480497
33.829675
45.361231
14.241987
20.768095
37.100391
28.715165
56.326101
38.457509
15.550806
46.553646
30.059943
30.864028
36.631979
25.954043
26.601009
54.893239
24.011074
11.561902
33.775649
30.345756
43.700979
44.707374
24.176783
27.909980
28.825258
30.661527
31.948888
33.322796
17.644025
42.606071
29.467556
33.733844
10.528969
36.561776
26.293221
32.592543
28.629000
2.227597
41.130711
46.735958
53.198299
15.875631
23.513008
45.152612
41.219359
41.564901
18.737863
6.814944
18.179693
28.195974
62.767726
35.061471
45.632890
31.571885
56.634376
38.137675
45.791727
72.742540
32.800554
28.403366
44.042251
6.551066
0.984299
18.316769
39.444125
23.149412
30.680547
8.941478
22.941114
49.438659
26.654493
26.274919
32.155953
14.121232
37.079712
33.483360
28.962674
22.342258
15.792232
12.207460
25.244525
30.352714
32.443711
19.476120
29.042686
41.912122
37.902282
19.456913
22.062769
32.769254
58.861889
29.955029
8.859505
25.356687
37.940337
16.229740
46.499985
18.573066
67.784024
21.512564
14.306446
53.616584
84.580386
50.635825
19.973639
14.635033
15.482147
40.239841
59.028283
34.200468
10.616845
45.231954
36.622227
10.387668
20.195683
37.444587
82.944933
34.466665
24.657583
20.764217
55.227152
21.128446
9.090280
71.155351
54.049779
34.503929
22.780228
31.186692
16.464435
13.861466
40.695457
17.160584
40.587758
6.449014
50.295223
60.229453
42.925047
32.717426
33.542985
13.398266
14.995746
17.234977
25.657708
33.048590
23.380148
66.762218
40.948303
28.587674
41.363641
25.787691
15.751221
25.779228
15.006301
37.529192
15.261096
15.072575
34.772005
17.090105
20.082106
20.264577
42.000497
51.646491
60.757344
24.696941
38.104959
54.093010
27.313139
23.879551
25.868091
25.235107
37.556911
40.875874
25.104790
35.933583
29.422604
11.363374
24.058437
11.780784
10.695758
4.048479
28.681526
34.117120
32.762256
30.961909
24.064270
34.648240
15.612816
56.822758
8.063544
50.181853
30.111306
32.083779
21.643627
9.230055
82.731425
26.309582
41.223605
50.680782
40.939417
40.601321
54.001124
52.000293
12.606462
54.029180
22.697441
59.825239
42.267975
46.119164
29.127466
8.231565
4.995170
20.845828
38.141730
46.403302
19.537940
51.973097
24.262921
32.914790
34.897479
75.519081
28.990185
30.023104
21.909012
57.910533
32.930390
39.783109
21.765177
59.080050
6.110524
31.087074
19.422490
23.545933
34.431499
15.587028
58.371902
24.198552
39.094428
14.344560
14.498541
27.915926
18.674794
27.088482
34.355140
49.557033
6.423844
10.903089
67.309503
55.473580
41.212767
35.377352
35.072048
26.915731
84.134285
47.787191
12.126886
42.031194
35.522914
38.000062
10.275487
37.337942
31.196126
20.455503
5.694867
6.373445
40.330248
44.383273
61.381160
68.623215
21.667801
25.779337
19.429026
22.463072
40.533308
47.399876
50.383681
54.175899
43.765220
47.567876
50.692135
52.973354
17.352621
12.389182
33.297762
28.379142
39.516545
54.320255
10.807587
42.259050
52.269343
44.707187
11.001691
41.174219
22.096385
39.220447
29.080359
31.406119
57.609884
16.258313
34.957963
27.582791
35.943859
67.821352
28.331778
41.414919
33.045654
59.176841
23.286456
38.276248
31.739939
33.702350
19.863064
23.269942
16.959857
30.416614
43.737648
9.716206
5.999018
5.098789
10.921218
37.814727
33.876329
53.413675
25.631603
11.014757
20.486327
60.004473
18.424794
18.960525
15.010009
44.536246
41.271532
12.171182
37.732184
24.442826
14.561978
26.153734
32.089462
2.389152
17.781245
28.895532
54.725801
27.509062
46.466467
18.175671
48.364426
71.922293
13.025895
2.754403
47.713645
8.828049
38.684035
26.864350
14.242651
35.488987
36.632019
46.877677
32.351261
46.501543
22.110659
7.163798
16.127200
33.691292
8.697757
25.027791
4.242030
34.431646
38.490577
32.047522
50.130777
15.336400
49.824116
21.936892
51.091623
25.563231
57.946860
14.747180
43.599089
10.000187
53.488730
38.324570
34.389887
39.831659
45.489902
31.548237
21.435923
12.017051
60.318125
30.770426
47.919043
43.031279
14.534726
57.433561
38.023478
13.717029
27.218308
0.857134
9.577438
12.469351
35.803364
41.660115
23.197265
33.282040
42.586125
15.358764
18.548230
67.519300
27.046006
30.430077
50.000173
23.410820
46.592764
25.434608
21.059904
8.856219
27.079669
35.005376
33.419008
25.406753
71.244630
7.230104
12.275339
43.509291
14.413096
38.237282
50.446805
92.700736
24.453545
42.579835
22.410464
8.676923
35.016257
37.100739
103.903504
28.254621
34.925209
11.638688
57.978180
50.363698
28.134880
11.707127
30.696320
33.177868
15.210125
41.490439
43.678985
41.663542
57.434497
48.482091
21.030033
20.269839
32.150186
49.072545
35.537041
25.350649
37.697731
44.833243
57.552954
19.714840
36.127162
13.707327
55.465995
16.469716
52.906095
65.861671
73.426448
46.165110
43.670724
29.150866
46.757119
10.210603
46.422846
34.900669
82.906017
36.223959
19.080094
32.012640
120.235400
25.722742
34.006057
31.386179
34.225128
34.313877
16.539666
31.176147
27.928861
45.259847
17.240416
38.411424
52.765792
25.432565
20.669529
37.298897
31.188433
18.109322
0.674644
0.772543
0.919517
0.996492
0.975804
0.906281
0.777349
1.000000
0.994196
0.754357
0.694029
0.413630
0.791453
0.843740
0.901390
0.925003
0.942883
0.946393
0.734086
0.829171
0.450732
0.728011
0.321895
0.731974
0.813694
0.902507
0.939099
0.968956
0.978021
0.823601
0.870717
0.972745
0.997297
0.920638
0.731757
0.790715
0.908341
0.954170
0.987830
0.996023
0.897033
0.957908
0.764293
0.842404
0.479196
0.728666
0.300660
0.566825
0.703732
0.843408
0.901297
0.951910
0.985324
0.848985
0.883858
0.575856
0.740471
0.277878
0.662403
0.785345
0.911115
0.958965
0.992117
0.998734
0.916708
0.922633
0.674589
0.765426
0.327240
0.625470
0.775886
0.922147
0.973164
0.999572
0.997458
0.965254
0.955638
0.767123
0.800116
0.420970
0.609190
0.286608
0.613157
0.764411
0.907664
0.959297
0.993140
0.987660
0.999298
0.966580
0.998204
0.940535
0.999995
0.995052
0.963413
0.912946
0.770535
0.619180
0.291768
0.608821
0.703780
0.998115
0.998346
0.704777
0.608985
0.302431
0.629740
0.780865
0.921486
0.969811
0.997548
0.986456
0.979723
0.990796
0.995623
0.969474
0.976272
0.993492
0.969961
0.984294
0.979386
0.976165
0.952765
0.931540
0.894733
0.673044
0.660038
0.490248
0.611262
0.786026
0.945361
0.991323
0.991685
0.964055
0.999738
0.991360
0.892267
0.866986
0.600694
0.822716
0.928390
0.998162
0.991113
0.931795
0.926293
0.992257
0.999641
0.947126
0.907274
0.891405
0.992445
0.939317
0.761248
0.362281
0.445862
0.727991
0.958884
0.998891
0.876799
0.828625
0.799190
0.728927
0.751307
0.800670
0.989604
0.996235
0.839871
0.784257
0.819421
0.992069
0.999452
0.846280
0.788298
0.902313
0.994770
0.995313
0.998007
0.846335
0.901894
0.819241
0.743672
0.789436
0.992939
0.999823
0.815449
0.747648
0.879016
0.989367
0.996246
0.910367
0.802655
0.893803
0.976932
0.991190
0.920581
0.979526
0.865503
0.849069
0.904863
0.999463
0.983370
1.000000
0.989259
0.995254
0.988875
0.994661
0.953263
0.864864
0.944169
0.999882
0.977534
0.842588
0.848652
0.903946
0.849401
0.899523
0.796541
0.733130
0.792997
0.951360
0.799657
0.946774
0.812736
0.641978
0.626642
0.724324
0.792220
0.940353
0.981014
0.997560
0.988479
0.993230
0.891592
0.929849
0.723860
0.792998
0.839666
0.926843
0.932466
0.990196
0.996468
0.952581
0.995958
0.965862
0.991925
0.869952
0.893424
0.930818
0.964453
0.782455
0.802310
0.823975
0.965149
0.980606
0.992641
0.938168
0.987852
0.986603
0.924749
0.822825
0.656524
0.664737
0.539874
0.641378
0.450180
0.599509
0.334373
0.560961
0.686344
0.818286
0.875094
0.928009
0.973841
0.810283
0.910526
0.918900
0.990279
0.996979
0.940687
0.999021
0.975605
0.993973
0.870442
0.880592
0.913915
0.952308
0.749361
0.835766
0.464734
0.728144
0.310603
0.564153
0.697585
0.950111
0.801618
0.944294
0.910426
0.913332
0.842193
0.978858
0.992874
0.958219
0.882764
0.976496
0.885465
0.940819
0.995780
0.993444
0.990845
0.987870
0.989857
0.962116
0.998104
0.999586
0.977777
0.932849
0.795513
0.645502
0.321174
0.763019
0.666832
0.919707
0.911972
0.998197
0.984532
0.944117
0.889275
0.744541
0.595001
0.276906
0.739007
0.813968
0.858865
0.845516
0.842584
0.770427
0.789352
0.940248
0.773178
0.942475
0.773043
0.727976
0.471912
0.715219
0.795459
0.998085
0.998162
0.703926
0.724351
0.860214
0.973572
0.998520
0.988168
0.977703
0.995621
0.983609
0.859799
0.846985
0.547895
0.620109
0.368842
0.679728
0.825025
0.953296
0.990133
0.998554
0.997021
0.923039
0.958803
0.951071
0.935803
0.992676
0.986906
0.948116
0.905471
0.994024
0.949623
0.886663
0.962963
0.926595
0.755963
0.701946
0.583202
0.812428
0.921821
0.996871
0.993604
0.940050
0.933123
0.994909
0.999048
0.939571
0.901057
0.689465
0.667347
0.507955
0.767430
0.891542
0.987635
0.999639
0.920132
0.997726
0.990525
0.896145
0.882655
0.898090
0.979824
0.949196
0.925966
0.963519
0.834805
0.774656
0.385234
0.732191
0.395675
0.800498
0.661577
0.916114
0.920716
0.916244
0.903597
0.867863
0.834004
0.491321
0.750249
0.803002
0.921483
0.861382
0.931701
0.886700
0.873507
0.914495
0.774884
0.924560
0.759905
0.680309
0.365841
0.740660
0.632109
0.766853
0.933787
0.992926
0.954898
0.866831
0.749772
0.999881
0.998176
0.752656
0.677701
0.351028
0.756466
0.517907
0.595968
0.656036
0.727244
0.760921
0.800030
0.904796
0.636238
0.791490
0.381201
0.735283
0.409487
0.789056
0.842444
0.901341
0.925530
0.944041
0.947900
0.737936
0.830815
0.454185
0.728008
0.318955
0.729657
0.812617
0.902652
0.939692
0.969860
0.979011
0.826866
0.872371
0.548120
0.735727
0.276668
0.675625
0.377419
0.561673
0.460677
0.846750
0.954984
0.983679
0.859839
0.715234
0.790796
0.999977
0.993727
0.766447
0.711460
0.804441
0.904086
0.944487
0.976662
0.986136
0.852037
0.885484
0.892667
0.991200
0.941417
0.998657
0.941406
0.961050
0.990934
0.999611
0.984889
0.871335
0.808085
0.678451
0.766654
0.330378
0.624388
0.775752
0.922652
0.973695
0.999677
0.997100
0.966774
0.991816
0.875452
0.898303
0.611679
0.791936
0.815328
0.969614
0.832330
0.969957
0.820816
0.674659
0.361378
0.618347
0.539025
0.843653
0.854028
0.982089
0.994449
0.962064
0.911198
0.768487
0.617145
0.289940
0.608905
0.429410
0.803187
0.774085
0.957953
0.983359
0.978620
0.994309
0.986277
0.989136
0.999989
0.997943
0.987127
0.980434
0.990355
0.995923
0.968611
0.975379
0.988386
0.950454
0.896768
0.752376
0.601889
0.279344
0.610971
0.703684
0.997671
0.998731
0.708245
0.611720
0.786658
0.945965
0.991656
0.991185
0.962780
0.999856
0.991898
0.894800
0.985150
0.929323
0.997842
0.996852
0.980133
0.937436
0.905820
0.981577
0.894037
0.871198
0.947286
0.908810
0.892776
0.992758
0.938633
0.759500
0.357629
0.442506
0.728062
0.957924
0.955186
0.968926
0.941786
0.914077
0.881821
0.639462
0.646585
0.816003
0.965657
0.999072
0.967216
0.982666
0.999494
0.956698
0.994901
0.915764
0.906721
0.914192
0.983730
0.926972
0.976851
0.940670
0.858251
0.947794
0.993290
0.991288
0.954164
0.829321
0.750016
0.880394
0.989732
0.944802
0.851623
0.464918
0.571713
0.438971
0.739912
0.367492
0.781461
0.606100
0.635427
0.663086
0.943297
0.843805
0.931447
0.988668
0.994806
0.988005
0.995084
0.968953
0.976221
0.991123
0.963700
0.955529
0.992445
0.992462
0.998273
0.849013
0.902966
0.810500
0.746481
0.356617
0.770747
0.571075
0.618324
0.658732
0.706603
0.728592
0.868769
0.923757
0.812255
0.968142
0.983422
0.994648
0.928257
0.891355
0.930793
0.727123
0.795640
0.842799
0.928571
0.690454
0.843198
0.509033
0.754320
0.351404
0.677559
0.376936
0.882294
0.740436
0.870382
0.848624
0.981473
0.913810
0.852922
0.907079
0.797779
0.737796
0.426205
0.568920
0.662561
0.768077
0.816511
0.866882
0.941754
0.722416
0.824264
0.440580
0.728166
0.331151
0.561201
0.468605
0.844762
0.963485
0.977534
0.842588
0.848652
0.862647
0.984345
0.996154
0.976684
0.987247
0.998783
0.974598
0.993758
0.870346
0.882024
0.915870
0.953738
0.753127
0.837422
0.468309
0.728238
0.307985
0.564754
0.699090
0.950349
0.801603
0.944627
0.908989
0.911650
0.839173
0.978012
0.992258
0.957160
0.882279
0.976839
0.887375
0.942479
0.995372
0.993501
0.939431
0.932461
0.938521
0.887119
0.990234
0.999399
0.976711
0.931270
0.793411
0.643187
0.712530
0.807014
0.764866
0.803123
0.795576
0.408484
0.705711
0.845892
0.965862
0.995958
0.993652
0.984220
0.991444
0.962656
0.968769
0.984168
0.984040
0.999920
0.894973
0.851228
0.966506
0.889151
0.975784
0.999951
0.995433
0.998370
0.992997
0.991109
0.992644
0.994620
0.985995
0.952357
0.916670
0.994213
0.939511
0.966543
0.997139
0.984345
0.862647
0.848652
0.552325
0.621043
0.796350
0.953836
0.995426
0.983435
0.944379
0.998220
0.997335
0.925208
0.889929
0.660561
0.654803
0.477027
0.748573
0.878118
0.982107
0.999962
0.978655
0.967754
0.999178
0.989646
0.884504
0.937048
0.736401
0.676802
0.448861
0.695411
0.204240
0.598686
0.808484
0.931054
0.868224
0.942968
0.902622
0.887282
0.991472
0.941373
0.853830
0.469471
0.577199
0.460582
0.743863
0.360058
0.774663
0.584269
0.880561
0.756871
0.728592
0.706603
0.658732
0.618324
0.571075
0.777056
0.389196
0.732649
0.393104
0.798973
0.657389
0.914267
0.919422
0.915803
0.903791
0.869233
0.836314
0.495742
0.751239
0.352669
0.764516
0.548972
0.863364
0.726326
0.707247
0.694348
0.663086
0.635427
0.606100
0.781461
0.367492
0.739912
0.629936
0.766726
0.934585
0.992696
0.953565
0.864490
0.673044
0.750016
0.829321
0.954164
0.991288
0.993290
0.981323
0.813561
0.756862
0.837327
0.729069
0.763613
0.803473
0.906721
0.640495
0.792967
0.383449
0.734711
0.795419
0.983073
0.989340
0.799447
0.645855
0.646585
0.737811
0.999733
0.995817
0.721515
0.643968
0.316091
0.563083
0.474401
0.844568
0.966627
0.974980
0.836201
0.676972
0.761496
0.999963
0.994795
0.740612
0.673673
0.373569
0.561361
0.673455
0.795091
0.849133
0.902133
0.960588
0.771627
0.845734
0.486576
0.729072
0.296245
0.709234
0.803476
0.904299
0.945090
0.977457
0.986926
0.855061
0.887104
0.893917
0.991622
0.942337
0.998842
0.992799
0.980593
0.996370
0.956245
0.799854
0.625124
0.570004
0.855327
0.873783
0.987127
0.997943
0.972390
0.994782
0.988828
0.941151
0.974859
0.996172
0.990012
0.846999
0.777084
0.615653
0.749038
0.289940
0.645512
0.780182
0.915129
0.964826
0.996197
0.985858
0.999660
0.963614
0.997475
0.936486
0.999979
0.993812
0.960692
0.909438
0.766446
0.615137
0.288219
0.609028
0.425179
0.801647
0.770613
0.956802
0.982666
0.979073
0.994723
0.986629
0.989715
1.000000
0.998304
0.999305
0.953693
0.947128
0.742182
0.789659
0.392218
0.695205
0.837590
0.961050
0.993932
0.996028
0.987453
0.987474
0.974471
0.904656
0.993877
0.944753
0.999988
0.903370
0.861907
0.969514
0.889733
0.973695
0.999677
0.992419
0.897307
0.870303
0.609385
0.636236
0.808544
0.961594
0.998104
0.973452
0.922773
0.990724
0.999831
0.950723
0.910339
0.713575
0.678957
0.837465
0.975499
0.999989
0.948713
0.966410
0.985106
0.910006
0.972119
0.852559
0.830815
0.737936
0.947900
0.878252
0.826741
0.776303
0.665381
0.565796
0.823034
0.991975
0.999395
0.849912
0.793092
0.744650
0.904233
0.974802
0.994875
0.952618
0.838900
0.856026
0.897482
0.753702
0.866801
0.664372
0.817787
0.706582
0.694112
0.687400
0.666807
0.646856
0.627685
0.808170
0.443263
0.698937
0.548568
0.745559
0.636802
0.774379
0.920090
0.929323
0.958477
0.982227
0.901251
0.831084
0.765732
0.353276
0.750249
0.491321
0.834004
0.674049
0.673604
0.677548
0.836607
0.704516
0.815583
0.949826
0.967440
0.998004
0.986285
0.946241
0.998525
0.946176
0.948697
0.708226
0.731279
0.760593
0.882655
0.588652
0.775996
0.361378
0.743031
0.456231
0.815281
0.640495
0.653950
0.669396
0.943942
0.852288
0.931667
0.992966
0.997825
0.994051
0.991223
0.978326
0.927785
0.999992
0.999206
0.934354
0.966927
0.789557
0.854075
0.505392
0.730506
0.286989
0.698302
0.798857
0.953218
0.806647
0.948154
0.820510
0.653108
0.656369
0.888317
0.923039
0.997021
0.998554
0.945912
0.955021
0.997366
0.993275
0.908021
0.791461
0.547895
0.846985
0.902704
0.849013
0.898589
0.796464
0.732649
0.792221
0.981374
0.871794
0.978513
0.882300
0.746485
0.622345
0.875259
0.904661
0.993880
0.999978
0.957477
0.967902
0.999489
0.999753
0.998346
0.935775
0.919473
0.929607
0.880595
0.888919
0.984593
0.992606
0.960337
0.998866
0.973810
0.843823
0.703073
0.404373
0.794081
0.752977
0.950851
0.958845
0.998655
0.999178
0.967754
0.993098
0.990288
0.943551
0.901302
0.777001
0.927239
0.992279
0.995862
0.997566
0.990085
0.956576
0.898344
0.988110
0.930958
0.956439
0.991693
0.978858
0.842193
0.837008
0.521268
0.615253
0.347035
0.664685
0.812380
0.944923
0.985430
0.999831
0.994958
0.998112
0.993052
0.991074
0.992111
0.994105
0.985356
0.951752
0.907111
0.793789
0.685673
0.279555
0.733008
0.528520
0.569065
0.560131
0.539658
0.419086
0.797204
0.935383
0.988648
0.983620
0.987984
0.942739
0.777393
0.744501
0.819460
0.854916
0.959492
0.956681
0.918669
0.929434
0.997582
0.990639
0.992641
0.966542
0.999399
0.990234
0.983810
0.999990
0.976892
0.971538
0.975219
0.997559
0.992409
0.888983
0.998611
0.974553
0.799444
0.769114
0.563940
0.580398
0.587078
0.890525
0.908375
0.999983
0.953109
0.881995
0.966408
0.997560
0.981014
0.940353
0.792220
0.724324
0.865279
0.957399
0.849257
0.964201
0.837324
0.779457
0.393192
0.733130
0.390594
0.797457
0.653187
0.912404
0.918123
0.915368
0.903993
0.870605
0.838617
0.500169
0.752247
0.803975
0.923405
0.862679
0.934004
0.889929
0.876260
0.914223
0.776428
0.924478
0.761146
0.681179
0.369223
0.739185
0.627787
0.766619
0.687932
0.782322
0.912312
0.978697
0.999685
0.999993
0.974365
0.993695
0.999171
0.993764
0.949649
0.860466
0.941845
0.999786
0.978528
0.845187
0.691251
0.737003
0.788298
0.877574
0.971415
0.999191
0.998684
0.978728
0.834323
0.794214
0.855356
0.610197
0.720551
0.745574
0.834113
0.461187
0.728074
0.313306
0.563595
0.475733
0.844568
0.967246
0.974458
0.834944
0.675006
0.705611
0.907274
0.947126
0.999641
0.992257
0.926293
0.975126
0.997766
0.960416
0.806521
0.633546
0.600694
0.710755
0.787380
0.999987
0.993843
0.763343
0.569287
0.708554
0.951842
0.999992
0.885483
0.664965
0.660038
0.673044
0.894733
0.931540
0.998175
0.997008
0.992767
0.958536
0.833415
0.690005
0.384276
0.624053
0.565591
0.853658
0.871037
0.986456
0.997548
0.973496
0.995167
0.988449
0.940554
0.975135
0.996113
0.989717
0.848508
0.778979
0.619624
0.750004
0.291768
0.643968
0.779765
0.915562
0.965400
0.996526
0.984912
0.999792
0.962084
0.997064
0.934414
0.999935
0.993140
0.981560
0.997721
0.985220
0.935833
0.977344
0.909174
0.950515
0.925041
0.872046
0.705696
0.743180
0.730917
0.891351
0.999923
0.922147
0.775886
0.625470
0.710587
0.996636
0.999393
0.722271
0.627368
0.801691
0.957443
0.942337
0.999895
0.900518
0.931245
0.776233
0.611872
0.703959
0.997568
0.998811
0.709303
0.764741
0.889654
0.986906
0.999762
0.970791
0.960170
0.999987
0.992923
0.899786
0.871958
0.613716
0.637627
0.809574
0.962181
0.998263
0.972597
0.920988
0.989906
0.999899
0.952476
0.911859
0.895513
0.993364
0.937266
0.856840
0.476888
0.585088
0.486906
0.731974
0.321895
0.728011
0.450732
0.829171
0.734086
0.946393
0.875452
0.824198
0.774237
0.664631
0.566512
0.413630
0.735878
0.379023
0.790024
0.631967
0.902855
0.796563
0.758228
0.725433
0.656082
0.597660
0.522347
0.757565
0.933864
0.999579
0.955496
0.816181
0.702577
0.691511
0.558546
0.439881
0.358932
0.275635
0.573785
0.447571
0.741429
0.364271
0.778703
0.597394
0.886806
0.767971
0.736660
0.711528
0.657621
0.612336
0.557827
0.769859
0.808664
0.992363
0.999605
0.835366
0.773898
0.894145
0.993064
0.993364
0.895513
0.776298
0.863257
0.966410
0.997625
0.986960
0.925272
0.833272
0.806062
0.936438
0.989168
0.998664
0.907362
0.782727
0.716175
0.777343
0.362783
0.683708
0.751585
0.995245
0.918959
0.993377
0.957511
0.871469
0.685385
0.757148
0.838900
0.957666
0.993409
0.991765
0.942034
0.851547
0.937097
0.999510
0.980465
0.850451
0.858664
0.911359
0.851974
0.905177
0.797367
0.736495
0.797976
0.952944
0.805610
0.947946
0.819367
0.651437
0.652163
0.886700
0.923049
0.844655
0.910498
0.782668
0.734300
0.491321
0.586536
0.656448
0.738401
0.777033
0.820310
0.869060
0.540252
0.734571
0.277452
0.679588
0.385234
0.562434
0.670505
0.788795
0.841773
0.894438
0.956538
0.760593
0.840742
0.475541
0.728499
0.303010
0.566090
0.702164
0.841334
0.899207
0.950095
0.984489
0.845905
0.882229
0.571881
0.739728
0.277330
0.664226
0.785957
0.910746
0.958370
0.999685
0.962804
0.874265
0.851779
0.860331
0.881864
0.989041
0.998921
0.974506
0.928067
0.789215
0.638618
0.312642
0.609815
0.472636
0.818995
0.807708
0.968708
0.989542
0.955976
0.898751
0.988595
0.932893
0.957879
0.992434
0.999868
0.932311
0.932571
0.701391
0.774332
0.791543
0.943590
0.781789
0.946369
0.779366
0.642451
0.293700
0.750989
0.720309
0.738326
0.744961
0.704524
0.608874
0.300103
0.627579
0.778789
0.919805
0.968578
0.997118
0.999743
0.999966
0.992218
0.991706
0.998420
0.999524
0.993922
0.961331
0.912651
0.783067
0.655344
0.281296
0.743653
0.591778
0.890331
0.861028
0.988437
0.958845
0.909480
0.869707
0.971697
0.890261
0.972092
0.999315
0.990805
0.889706
0.939979
0.933770
0.939160
0.804424
0.946592
0.675561
0.595102
0.809761
0.932950
0.869695
0.945142
0.905730
0.701601
0.790428
0.910426
0.944294
0.801618
0.950111
0.697585
0.629283
0.609215
0.782520
0.691289
0.799466
0.726621
0.630928
0.840336
0.939315
0.999601
0.985787
0.916139
0.913680
0.986292
0.999997
0.959181
0.917860
0.733148
0.689158
0.556752
0.796745
0.911550
0.994300
0.996579
0.951472
0.994221
0.989712
0.951764
0.822804
0.745285
0.877638
0.914096
0.997544
0.963024
0.729526
0.801023
0.430441
0.738480
0.371032
0.784268
0.614767
0.894944
0.906208
0.911700
0.906138
0.882998
0.858952
0.540103
0.762133
0.351732
1.000000
1.000000
1.000000
1.000000
1.000000
